1 10119 12399
12 68
1500 12290
19033 71
190338txt 9845
190338zip 9847
1916 119
1a 10130
1b 10251
1c 10313 10352
1d 10521
1e 10350 10613
1e1 10623 10802 10853 10955 11092
1e2 10722
1e3 10827
1e4 10893
1e5 10927
1e6 10971
1e7 10804 10855 11093
1e8 10250 10824 11117 11120
1e9 10826 11119 11394
1f 11457
1f1 11458
1f2 11547
1f3 11342 11564 11668 11825
1f4 11811
1f5 11856
1f6 11931
2 12034
20 11148
2001 12123
2006 69
3 11455 12165 12176
30 11283
4 11251 12167 12337
4557 12265
5 12594
50 12429
5000 12401
501c3 12195 12228
5961887 12298
60 11209
646221541 12226
801 12297
809 12288
84116 12296
90 11371 11685
99712 12271
a 1001 1015 10200 10204 10210 10232 10255 10288 10317 10364 1037 10417 10548 10648 10739 1076 10779 10914 11007 11012 11049 11051 11055 11058 11062 11097 1111 11124 11144 11264 11272 11305 11318 1134 11343 11351 11354 11358 11400 11404 1145 11517 11524 11532 11583 11678 11693 11706 11723 11750 11756 11777 11788 11800 12006 12134 12192 12443 12575 12615 12639 12667 1338 1355 1417 1532 1635 1648 1652 1680 1689 1700 1730 184 1933 1938 2078 2099 220 2202 2231 2277 2295 2318 2331 236 2383 2413 2430 2453 2479 2536 2589 2592 2594 2620 2626 2668 2674 2707 2738 2817 2859 2866 2869 288 2928 3012 3016 3039 3042 3139 3164 319 3194 3219 323 326 3294 3327 3339 3342 3355 3402 3445 354 3557 3572 3587 3592 3660 3667 3686 375 3751 3837 3842 3876 3886 391 3941 3946 3954 3971 3989 4026 408 4104 4158 4163 4185 4219 4266 4311 4326 4330 4333 4351 4370 4425 4501 4510 4575 4608 4644 4667 4674 4677 4694 4701 4718 4759 4822 4834 4857 489 4959 4989 5005 5023 5040 5117 5161 5291 5305 5312 5334 5416 5446 5465 5480 5492 5548 5582 5586 5630 5641 5654 5662 5686 5767 5797 5807 5848 5852 5856 5893 6035 608 6090 6102 6122 6141 6148 6160 6173 623 6285 6298 631 6314 6319 6364 6383 6390 6400 6446 6464 6481 6491 6526 6562 662 6625 6672 6703 6735 6804 6828 6837 6840 6842 685 6884 6895 6981 7008 7013 7032 7043 7082 7108 7111 719 7225 728 7296 7464 7531 7542 7574 7622 7643 7659 7665 7733 7814 785 7890 7921 7926 7981 799 8004 8019 8082 8090 8111 8143 8183 8217 8256 8300 8309 8362 8367 8412 8521 854 8566 8587 866 8674 8722 8751 8768 8774 8789 8792 8900 8948 8954 900 9052 907 9071 9098 9106 9179 9277 9305 9365 9374 9414 9434 9448 9467 9472 9522 9589 9675 969 9698 9757 9766 9811 9900 9962
abide 10171
about 11253 12036 12148 12178 12339 12597 12706 12738 1541 1891 2074 2164 2301 2353 2503 2670 3381 3701 3772 395 4218 435 4581 4686 4883 4965 5624 6040 6796 7541 7989 8096 8108 8134 8385 8550 869 8726 9340 936 9795
above 4586
accept 10153
accepted 12533 12573
accepting 12514
access 10208 10342 10460 10634 10777 10961 11001 11100 11132 11328
accessed 10671
accessible 12386
accordance 11339 11960
accusation 8866
accustomed 2798
across 310 339 7711 8285 8332
active 10628 10957
actual 11649
actually 286
added 3325 5811 7125 7185 7884 8469 9464 9532
addition 10567
additional 10858 10865 11040 12324
additions 12019
address 11247
addressed 5037
addresses 12570
adjourn 2955
adoption 2959
adventures 109 128 9786
advice 1312
advisable 2829 2892
advise 1299
affectionately 4866 8345
afore 7698
afraid 2254 2457 3330 4233 5102 5234
after 1184 1647 2491 2673 342 3535 366 4157 4290 4428 4676 5175 5936 7772 7894 9469
afterwards 9615
again 1624 1871 1978 2214 2399 2461 2498 2665 3108 3292 3336 3651 3665 3697 4017 4447 4687 4894 5187 5223 5900 6776 7269 7428 780 8327 9080 9224
against 12513 1550 4042 4261 5526 7995
agent 11945
agony 6617
agree 10097 10150 10169 10219 10276 11291 11605 11629 11934
agreed 11189
agreement 10164 10178 10228 10285 10310 10336 10477 10497 10573 11386 11422 11590 11641 11886 11896 11898 11924 11963
ah 1822 8448
ahem 2747
aim 5805 5806
air 2754 4315 4454 8148 9689
ak 12270
alarm 6788
alas 1201 1972 4072 821
alice 1027 1099 1138 1204 1293 135 1375 1479 1585 1727 1762 187 1937 2115 2197 2252 2293 2401 2411 2451 256 2604 2682 2917 2926 3019 302 3178 3199 3315 3350 3360 3487 3499 3533 3569 3618 3647 365 3711 3748 3812 3853 388 3935 4141 4193 4268 4288 4431 4475 4558 4689 4706 4738 4837 4877 4925 5 5038 5051 5105 5146 5182 5198 5239 5274 5300 5382 5408 553 5561 56 5689 5719 5803 5862 5904 593 6048 620 6218 6243 6335 6352 6418 6480 6516 6610 6634 6662 669 6696 6740 6751 6780 6826 6856 6914 6943 6959 7068 7075 7148 7163 7268 7275 7294 7330 7337 7367 7430 750 7609 7621 7739 7798 7839 7873 7879 7909 7912 7930 7947 7964 80 8012 8121 8180 8224 8226 8264 8294 8330 8353 8403 8437 8503 8578 8580 8642 8667 8668 8697 8806 8834 890 9069 9238 9266 9271 9335 9347 9351 9378 9395 9577 960 9620 9640 9661 9750 9770 9796 98 982 9825 9837
alices 108 127 4256 4868 804 8347 8465 8489
alive 8130
all 10101 10154 10173 10187 10376 10438 10618 10876 11311 11323 11327 11381 11592 11981 12084 12428 12655 1638 1774 1964 2242 2339 2445 2648 2696 2718 2732 2757 2767 2938 3048 3120 3152 3242 3540 3607 3614 4514 4747 4832 4927 5196 5563 6342 639 6684 6925 7050 7102 739 7448 746 753 7682 7768 7783 7821 7841 788 7895 7991 8027 8063 8072 8178 8189 8222 8597 8633 8683 8898 9031 9155 9286 9318 9361 9470 9783 9850
allow 11861
almost 10692 1082 25
alone 12553 3622 5693
alonecatch 4619
along 1698 3053 8699 914
aloud 5398 7126
already 11167 6588
also 10532 11795
alteration 12016
alternate 11079
alternately 6444
altogether 1930
always 2387 6504
am 1820 2159 3868 5236 6329 6761
among 2712 3575 5650 5907 5921 6911 7562 7796 937
an 10270 10393 10724 10829 2597 2752 2998 3100 3818 4360 4405 544 5572 6031 6179 6198 6616 7340 8265 8629 9514 9570
and 10016 10022 10024 10124 10152 10160 10183 10215 1028 10337 10405 1058 10690 10757 10814 10846 10856 10976 1104 1123 11236 11321 11326 11366 11437 11462 1147 11474 11492 11578 1159 11599 11636 11937 11964 11972 11984 12027 12066 12079 12089 12107 12136 12142 12155 12159 12166 12168 1220 12207 12254 12275 12304 12318 12333 12352 12360 12374 12424 12440 12448 12453 1247 12493 12569 12584 12632 1267 12728 1282 1319 1351 1376 1388 1409 1420 1445 1463 1476 150 1523 1567 1577 1620 1641 1660 1688 1746 1749 1767 1769 178 1788 1837 1875 1885 1895 1916 1955 1960 1979 2019 2082 213 2175 2238 23 230 2303 2341 2476 2499 2521 2532 2546 2553 2562 2580 2591 2596 2599 2608 2619 2647 2652 2672 2721 2792 2801 2804 2810 2819 2901 294 2979 298 3046 3057 3065 3074 3104 3118 3125 3151 3182 3206 3216 3231 3256 3269 3274 3288 3296 3316 3322 333 3341 3351 3376 344 3474 3523 3529 3537 3555 3586 3617 3636 3657 3675 3698 3728 3760 3766 3792 380 3800 3813 3834 3841 3903 3917 3930 3951 3956 3970 3976 4000 4045 4084 4086 4102 4115 4121 4152 4166 4204 4227 4244 4255 4278 4289 4309 4329 4332 4368 4388 4419 4430 4437 4439 4448 4462 4506 4570 4579 4594 4627 465 4669 4688 4729 473 4758 476 4791 481 4819 4827 4851 4895 4933 4977 4982 5008 5036 5126 5154 5184 5224 5345 5363 5399 5443 5454 5463 5544 5602 5644 5671 5700 5704 5722 5747 5749 5769 5839 5873 5924 5927 5933 5951 5962 5967 5971 6087 612 6144 615 6163 6211 6226 6250 626 6262 6294 6307 6309 6312 6356 6434 6442 6463 648 6496 6524 6540 6554 6567 6581 6613 6646 6655 6676 6681 6722 673 6813 6886 690 6957 7020 7024 7077 7222 7238 7370 7378 748 7485 7498 7552 7566 759 7632 7662 7671 7720 7738 7756 7793 7795 7818 7828 7843 7847 7866 7985 8008 8029 803 8037 8042 8050 8055 8075 8080 8093 8097 8187 8234 8315 8348 8389 8419 8470 8480 8506 8547 8562 8579 8613 862 8641 8649 8663 8696 8709 8732 8759 8773 8808 882 8821 8835 8842 8886 89 8911 8923 8933 894 8953 8958 9010 9046 9063 9087 9089 9091 9119 912 9147 9216 934 9400 943 9463 9486 9617 9690 9704 9708 9714 9771 9799 9849 9867 9910 9914 9923 9945 9957 9965
andoh 2448
anger 5202 9707
angrily 5320
angry 2300 3819 4361
animal 4577
animals 2261 2581 2639 4826 8841
ann 3823 3916 4171 4173
another 2021 361 4450 4629 5401 6136 645 8259 993
answer 3137 7138 7279
answers 7320
anxiously 1422 3700 7709 7941 9171
any 10006 10084 10089 10135 10267 10589 10604 10607 10645 10652 10767 10857 10911 10920 10940 10981 10991 11078 11108 11268 11347 11579 11637 11699 11838 11854 11878 11920 11944 11965 11995 12011 12023 12029 12485 12538 12682 2111 2137 2355 4070 4416 5151 5627 7422 8203 836 842 9392 9601 999
anyone 10685 10760 11951 12626 18 8128
anything 10030 4322 4496 455 4943 5018 5994 9986
anywhere 10686 19
apiece 3241
appear 10642
appearance 8145
appeared 4841
appearing 10789
appears 10660
apples 4383
applicable 11172 11893 11912
apply 9942
approach 12523
archbishop 2824 2877
arches 8060
archive 10357 11201 11243 11260 11435 11569 12128 12153 12183 12189 12240 12346 12719
are 10287 10316 10383 10407 10443 10530 10546 10555 10773 11219 11417 12242 12277 12402 12437 12531 12572 12648 12658 1993 2422 2755 2906 3480 3490 3738 3825 4366 5045 5139 6279 6336 7627 8165 8682 8849 9198 9321
arise 11990
arm 4110 4406 4865 6159 8321 8344 8494 8989 8991
armchair 7084
arms 5001 5215 5434 6680 8517
around 4928
array 12390
arrived 8720
as 10009 10245 10435 10437 10819 11088 11234 11450 11505 12660 1326 1588 1590 1755 1757 1794 1827 1990 200 2007 2011 202 2376 2470 2472 2484 2690 2918 2921 2923 3235 3258 3702 3705 3734 3736 3854 3869 4103 4222 4224 4250 429 4476 4562 4567 4752 4801 4803 4846 4848 4880 496 4969 5145 5203 5205 5244 5271 530 5324 5353 5392 5437 5439 5501 5725 5751 5771 5814 5870 5896 5910 5912 6023 6277 6317 6422 6424 6435 6640 6669 682 7182 7206 7431 7452 7479 7610 8230 8467 8536 8734 8736 8888 9243 9460 9595 9776 9778 9806
ascii 11018 11074
asis 11832
asked 3168 5264 5396 6334
asking 3126 7117 7315
asleep 7039 7376
assembled 2630 8725
assistance 12097
associated 10087 10265 10484 10669 10786 10923 11967 9851
at 10116 10687 10720 10887 11038 11245 1164 1198 12173 12232 12264 12287 12313 12321 12689 1544 1569 1834 1942 20 2136 2171 2402 2699 2735 2937 296 3144 3186 3286 3365 3584 4281 4415 4440 4498 459 4664 4726 4836 4930 5025 5060 53 5412 5429 5511 5542 5558 5781 580 5960 5964 6004 6097 6126 6341 6541 6551 6638 7030 7053 7085 7166 7365 7421 7446 7483 7525 7556 7596 7638 7702 7758 7845 8065 8177 8221 835 8978 9030 9043 9066 9156 9172 9256 9334 9391 9497 95 9527 9648 9680 9873 998
ate 1416
atheling 2897
atom 9571
attached 10508
attempt 4264
attending 3482
august 67
author 59
authority 2711
available 10110 12117
away 10702 1751 1929 2467 3066 35 3525 3599 4422 5169 5347 667 6692 6821 8318 8665 8915 9734
awayyou 10026
awhile 1185 5937
b 12015 12329
baby 6391 6438 6583 6637 6665
babythe 6556
back 1224 1966 2497 2524 3281 3528 3696 5171 5186 5660 7393 8233 8593 9322 984
balls 8033
bank 149 9720
banks 5703
bankthe 2633
barrowful 4695 4702
based 10431 10584
be 10020 10221 10261 10278 10755 10868 11206 11231 1141 11499 11542 11644 11900 12311 12379 12622 1531 1714 1868 2109 223 2299 2347 2706 279 3011 3277 3334 3455 3460 3463 3780 3861 3918 407 4232 5159 5263 5290 5309 5740 5777 5886 6019 6406 665 6709 6793 713 7191 8545 9012 9447 9843 9857 9885 9968
bearwhos 4535
beasts 8733
beat 9711
beating 5673
beautiful 6014 7560
beautifully 1045 1366
because 12071 5106 6268 6281
become 4135
bed 3609
beds 939
been 2794 3097 5993 6324 6947 752 7658 7708 9441 9793 9816
before 10056 1025 10574 1991 2009 317 3924 398 4030 4376 642 6965 861 8746
beg 2248 3495 9299
began 1621 1728 2146 2213 3069 3648 3770 4684 4798 555 6153 6855 7641 7972 7987 8011 8500 9104 9153
begged 3297
begin 4699 8974 981
beginning 10889 137 6754 8690 9076
begun 7116
beheading 8117
behind 6714 699 863
being 4024 4054
believe 2984 7119 9568
belong 811
below 10314 10351 11456 5594 9296
bend 3508 5623
best 1251 3004 3026 3641 7697
better 4657 7305 8401
between 7036
bill 3688 4531 4547 4614
bills 4526
binary 10982
birds 2579 2634 3261 3581 4828 8731 8845
bit 1419 5447 5470 5519 5553 624 6626 7000 9051
blades 4935
blasts 8878 8929
blew 8876 8927
blow 5482
blows 6598
blue 4991
book 1002 164 185 9358
bookshelves 474
both 10851 11430 3412 6208 6903
bottle 1017 1035 1077 1093 3991 4036 4061 4145
bough 6838
bound 10222 10279
bowed 6209 7865
box 1341 3220
boxed 7966
branches 5923
brass 3888
breach 11615 11619
bread 8957 9062 9088
breath 3458 8662
breathe 7198 7211
bright 3887 4760 7564 941
brightened 1162
bring 1328
bringing 5979
bristling 2338
broke 5444
broken 4055 4336 4466 6325
brought 6079
brushing 9733
burning 334
busily 7598
business 12283 4413 8447 9342
businesspglaforg 12300
but 11186 11506 11844 1200 12272 12534 1262 1608 169 1806 1946 1971 2187 282 2886 3067 3127 3156 3369 3547 3775 4249 4323 448 4707 4842 4919 4938 504 5074 5538 5562 5712 5737 5794 5864 636 6905 6944 7046 706 7101 743 7591 7636 7882 798 820 834 8589 947 9674
butter 8959 9064 9090
buttered 1125
by 10077 10131 10172 10223 10273 10280 10464 10498 10861 11271 11280 11544 11704 11910 120 12056 12212 12250 12387 144 1883 244 2779 2786 3514 3932 4622 5089 5496 6113 6135 6154 6831 727 7669 7934 8 84 8405 8442 8624 8815 9217 9451 9669 9828 9862
c 12028
cake 1358 1469
cakes 4751 4772 4790
calculate 11170
calculated 11162
caldron 6402 6534
call 3373 8916 9126 9234
called 2489 2714 3112 3534 3589 3814 5174 6120 7714 8934
calling 3191
came 1696 1724 3874 4184 4239 4359 4500 4643 4723 4762 5185 6028 606 6106 6558 6967 7748 7774 7788 7825 783 7836 852 8945 9691
can 10293 10322 10489 10536 10754 11691 12161 12310 12378 1384 1396 1859 2134 3741 4127 7121 7134 7896 9912
canary 3588
cannot 11541 12353 12492 12536 9312
cant 5098 5241 5611 6918 7345 7351 8194 9488
canterbury 2826
card 12586
cards 7893 8741 9678
care 1412 8476 8485
carefully 5957
cares 9657
carried 9141
carroll 10 61 9830
carry 12363
carrying 7751 7809
cartwheels 4505
case 2941
cat 2312 3566 3642 571 6466 6486 6847 6876 6923 6956 8171 8215
caterpillar 4992 5024 5028 5049 5093 5144 5156 5173 5193 5211 5266 5319 5339 5390
cats 2269 2272 2284 2321 2504 2561 6512
catsnasty 2389
caucusrace 2618 3013 3017
caught 6663 8312
cause 12003 12032 1907 2776 3473
caused 3253 3571
cease 10181
ceiling 4044
certain 1083 11864 11873 2344
certainly 1021 3358 6295 6411
chains 8749
chanced 7605
change 10552 1945 2417 4780 5500
changed 3785 5080 5230
changes 5820
changing 5281
charge 10518 11096 11123 11399 9972 9985
charges 10770
charitable 12425
charities 12423
chatte 2218
check 10560 12559
checks 12581
cherrytart 1117
cheshirecat 6492 6834 8151
cheshirecats 6503
cheshirepuss 6854
chief 12331
child 2000 6691
children 3597 7777
chimney 4120 4557 4566 4584
chimneynay 4540
chin 2029 5521 8463
chinit 5485
choice 8556 8561
choke 4637
choked 3273
choose 11773
chorus 3165 3543 4610
circle 3045
circumstances 4956
city 12294
claim 10416
clapping 9524
clearly 11232
climb 1253
clinging 2643
close 243 2644 4585 698 7499 8379
closely 5525
clubs 7752
codes 11537
collection 10369 10382 11484 12113
come 12121 1284 2205 2496 3420 3527 3598 4387 5170 542 5554 5786 6053 7914 9422
comes 4663 7700
comfits 3222 3251
coming 1670 4199 446 7069
commercial 10043
committed 12416
commotion 2480
company 115 124 8679
compilation 10365
complained 3262
complaining 8185
completely 3806
compliance 10471 12435 12474 12483 12680
comply 10099 10491 10795 10849 11114 11379
complying 10303 12418 9992
compressed 10983
computer 11533 11536
computers 12061 12068
concept 12613 9956
concerning 10599 12540
concluded 4341
condemn 3475
confirmation 12472
confirmed 12659
confused 3195
confusing 5121
confusion 3257 4630 9049 9215
conqueror 2210 2774
conquest 2802
consequential 11652
consider 9405 9605
considerable 11465 12444
considering 195
constant 10549 6305
consultation 2669
contact 11447 12302 12308 12325
contain 10738 11502
containing 10913
continued 2914 5760
contract 11621
contributions 12234 12497
conversation 2421 8411
conversations 175 191
convert 10974
cook 6393 6462 6531 9139 9167 9206 9226
cool 7568 945
copied 10675 10756
copies 10188 11005 11128 11312 11331 11953 9988
copy 10205 10646 10698 10930 11050 11056 11063 11356 11752 11793 31 9913
copying 10423 10576 11105 9944
copyright 10366 10523 10541 10601 10750 10842 10863 10884 11470 11518 118 12668 9903 9926
corner 686 705 7055
corners 7760
corporation 12197
corrupt 11513
cost 10689 11041 22
costs 11598 11983
could 1233 1239 12621 1592 1759 204 2308 2324 2474 3135 3265 4432 4488 4569 4850 4940 5147 5207 5565 5914 6290 6426 6513 6792 8295 949 965 974 9780
countries 10545
country 10565 10608
course 10446 2659 2843 3055 3172 7245 7247
court 8787 8862 8988 9125 9212 9371 9544
courtiers 7764
crash 4334 6316
crawled 5346
created 12131 12650
creating 10428 10581 11480 9887
creation 10010
creature 6675 6767 6811
creatures 2603 6452 8838
credit 12585
creep 1397
cried 1283 1478 2251 2273 2363 2450 5681 6609 7063 8857 9270
crimson 7815
critical 12101
croquet 6186 6205 6651 6931 7572 7899 8032
croquetground 8021 8596
croqueting 8269
cross 2651
crossexamine 9185
crossly 2841
crouched 5905
crowd 4823 8724 9295
crowded 2576 3121 3188 7051
crown 7812 8825
crownhow 2905
cry 1623 3650 8687
crying 1289
cucumberframe 4352
cunning 3466
cupboards 472 529
cur 3443
curiosity 336
curious 1135 2602 7472 8020 8144 9073 9767
curiouser 1475 1477
curls 6213
currants 1369
current 12566
curtain 856
curving 5637
cushion 7817
custard 1118
custody 8645
cut 7686
d 3323
daisies 233
daisychain 221
damage 11539 11667
damaged 11527
damages 11552 11597 11656 11876
dare 2199
dark 452 640 932
darkness 1754
data 11514
date 11213 12307 66
day 207 5118 5748 5826 6704 7924 8902
days 11210 11284 11372 11686
dead 9540 9736
deal 1534 1940 3141 5494 5858
dear 1781 1782 2332 2449 2494 274 276 2912 3447 3723 584 6738 8388 9751
dears 1528 3601
death 3478
decided 1192
deductible 12244
deep 410 417
defect 11359 11679 12030
defective 11525 11744 11796
defects 11503
deletions 12021
delight 886
delighted 4793 5616
demand 11799
denial 3424
depends 12350
derivative 10012 10429 10582
derive 11154
derived 10731
described 11561
despair 3208
despite 11485
destroy 10186 11310
detach 10898
determine 12479
diamonds 7771
did 255 2875 2881 4317 513 5540 6068 6457 6985 8972 9023 9492
didnt 2267 6500 6509 9483
different 11414 5114
difficulty 6668 8278
digging 4381 8459
dinah 2313 3564 3628 568 582
dinahll 559
dipped 382
direct 11650
direction 5628 6874 6889
directions 6685 7992
directly 11991 4800
director 12334
disagree 1085
disappeared 9228
disappointment 508
disclaim 11591
disclaimer 11550 11879 11906
disclaimers 11862
discontinue 11322
discover 11677
discovered 11365
dish 6320 8794
dishes 6568
disk 11528
dismay 9309
display 10931
displayed 10672
displaying 10426 10577 10948 11103
distance 1659 3674 8695
distribute 10058 10933 10977 11004 11403 9915
distributed 10677 10758 12381 12633 92 9870
distributing 10080 10424 10579 11107 11135 11582 9946
distribution 10073 10847 11389 11973 12007 12049
distributor 11638
dive 5648
do 10028 10167 10217 10294 10323 10414 10537 10894 10928 11094 11469 11859 12001 12460 12494 12674 155 1593 2149 2495 2986 3033 3205 3371 3437 3546 4010 4128 4472 4544 4697 4875 5086 5231 5259 551 6051 6746 6764 6928 7127 7162 7303 8208 9337 9983
dodo 2593 2944 2996 3024 3110 3134 3175
does 10736 11289 5841
doesnt 2193 2932 5279
dog 2433
dogs 2426 2506 2563
doing 3827 6608 7695
domain 10033 10387 10400 10735 11477 12373 12662 9892
donate 11191 12528 12589
donation 12567
donations 11254 12080 12160 12340 12361 12398 12426 12463 12477 12516 12530 12544 12571 12587 12713
done 1862 6020 8441 8805
donors 12518
dont 1411 2298 2393 2510 2970 2983 5248 5881 6518 6688 6907 8173 8199 9011 9567
door 1179 1210 1400 1583 1970 1975 3803 3882 4243 4252 4812 6128 6236 6249 6276 6355 6360 7465 7513 765 868 893 9152
doors 738 816
doorway 957
dormouse 7033 7187 7233 7374 7409 8994
double 8047
doubt 4713
doubtfully 5813
down 1281 1595 1619 1644 1833 2125 2369 2717 2734 3291 3362 353 363 3634 384 403 4059 4093 432 4538 4555 4564 488 5200 5341 535 536 537 5570 5639 5788 589 5899 5906 5981 604 6081 657 6614 6782 6812 7080 7548 756 769 8002 9093 911 9223 9693 9741
downloading 10575
dozing 598
dr 12267 12327
draggled 2636
draw 5659
dreadfully 8114 8192
dream 9768 9813
dressed 1678
drew 4559 5123
dried 1663
driest 2762
drink 1043 1074 4915 4953
dripping 2649
drop 517
dropped 1742 1918 3744 9084
drunk 4033
dry 2664 2729 2935 3009 3107 613
duchess 104 1708 1710 3718 3720 4862 6178 6202 6379 6431 6495 6523 6553 6570 6631 7950 8334 8378 8418 8458 8558
duchesss 8493 9138
duck 2590 2834 2863
each 11212 5452 7996 8754
eager 7742
eagerly 3679
eaglet 2598 2968
ear 6471 6473 8382
earls 2807
earnestly 7332
ears 689 7969
easily 10490 5625
easy 3085 7359 9998
eat 1363 1372 3249 4768 4913 4951 5514
ebook 10003 10679 10717 12 3 50 70 79 9823 9836 9991
ebooks 10034 12636 12647 12678 12727 12740 9975
edgar 2896
edge 4981 5450
edition 12685
editions 12654 9876 9883 9894
educational 12196
edwin 2803
effect 4151 5474
effort 11466 12445
efforts 11487 12074 12158
eggs 5733 5830 5869
ein 12219
either 10796 1402 2507 2987 322 412 6899 822 8539
elbow 4257
elect 11747
electronic 10075 10128 10141 10192 10213 10271 10299 10327 10346 10373 10462 10728 10833 10937 10944 11138 11362 11407 11490 11586 11682 11957 11977 12051 12600 12618 9949
electronically 11763 11784
else 5019 549 9507
email 11281 12299 12301 12734
emphasis 9331
employee 11947
employees 11463 12276
empty 511
encourage 9027
end 2372 545 6374 7087 8626 9499 9818 9831
energetic 2962
engaged 8254
english 1496 2195 2788 2965 73
engraved 3895
enough 2730 2855 4807 5730 5835
enoughi 4065
ensuring 12108
entangled 5920 6215
entity 10238 11738 11767
entrance 7580
equipment 11546 12392 12395
errors 11516
escape 1935 8139 8326
especially 10042
est 2216
even 10301 11657 2820 6429 6576 951
ever 1506 1616 1996 2924 7444 776 922
every 5925 6310 764
everybody 3148 8443
everything 1785 2121 6547
evidence 9006 9160 9268 9420 9559
evidently 7906
exactly 3239 5329 7145
excellent 8266
except 11553 11622 11812 8636
exclaimed 9303
exclusion 11869
executed 3733 9018
execution 7960 8653
executive 12332
exempt 12210 12408
existence 1954
exists 12070
expend 11464
expense 11044
expenses 11600 11985
explain 3029 5095 5099
explanation 11708 11734
exporting 11054
express 11840
extent 12248
extraordinary 6300
eye 1335 1607
eyes 1332 1665 2186 241 3986 4984 6146 7095 7243 7604
f3 11627
face 1161 2528 4737 5670 6115 6143 6785 7944 9747
faces 7730
facility 12699
fact 1557 6507 6527 7648
failure 4267
fair 8527
fairbanks 12269
fairly 8179
fall 4331 540 617 7607
fallen 2040 2584 4349
falling 402
familiarly 2687
family 2386
fan 1691 1748 1766 1912 3759 3843 3929 3955 3969
fancied 4294
fancy 2319
fanning 1772
far 1536 4563 5438 5593
farther 6964
fast 7038
favored 2778
fear 3908
feathers 2637
federal 12221 12252
fee 10201 10244 11042 11098 11126 11146 11175 11401
feeble 4646
feel 1439 210
feeling 1136
feelings 2262
fees 10768 11603 11988 12450
feet 1509 1514 1565 1656 1893 2065 2949 306 4189 6042 7757 8056
fell 1336 3987 420 532 7375
felt 2343 3654 5479 594 6001 6814 9070
ferrets 3737 3739
fetch 3835 4177
few 10289 2675 4159 6843
field 341
fifteen 870
fifth 3507
fight 8257
fighting 8076
file 10113 9841
files 10912 9852
filled 470
financial 12090
find 1451 1950 2684 2858 2878 4795 4901 5618 7135 7677 8358 9600 992
finding 1105 1186
finds 3864
fine 7923
finger 3181
finish 3530
finished 1130 1466 8967
fire 6398 6539
fireirons 6557
first 1055 2033 2222 2656 3035 437 4603 4870 5140 5959 6005 6267 6348 6559 7747 805 8918 8936 8939 9628
firstverdict 9614
fishand 6123
fishfootman 6152 6223
fitness 11852
fitted 888
five 7631 7705
fix 11808
flamingo 8282 8314
flamingos 8041
flashed 309
flat 7727
flavor 1115
flinging 6635
floor 4096 4757
flowerbeds 7565
flowers 4932 942
flown 5667
fluttered 9740
fly 8306
flying 9692
folded 5002 8518
follow 10331
followed 1317 6561 7804 8591 8984
following 10625 11211 11998
follows 8889
fond 8115
fondofof 2425
foot 2017 4117 4561 5489 5528 7543 9037
footman 6103 6137 6261 6345
footsteps 3671 7737
for 10004 1005 10202 10478 1066 10681 10808 10875 11099 11127 11350 11387 11554 11596 11611 11648 11702 1174 11813 11853 1202 12118 12139 1228 12323 12484 12565 12627 14 1486 1525 1957 2001 205 2462 2570 2956 307 3430 3652 3757 377 3773 3849 4018 4140 4202 423 4382 4477 4491 4714 5253 5415 5744 5829 5868 5915 6089 6176 6200 6264 6427 6436 7908 7962 8069 8077 8135 8268 9207 9658 9973 9987
forget 8393
forgetting 4213
forgot 1491 2265
forgotten 1070 1215
form 10989 10996 11077 12385
format 10505 11013 11021 11080
formats 12054 9855
forth 10247 10821 10952 11419 11452 11822 11883 9931
fortytwo 9360
found 1014 10886 1212 1231 12312 1352 1886 1903 2827 2830 2835 2890 3927 3937 400 4038 4820 4853 716 7492 7554 895 9715 9858
foundation 10358 10360 10595 11202 11244 11261 11436 11449 11570 11632 11940 11950 12129 12154 12170 12184 12190 12241 12347 12414 12720 9909
foundations 12218 12259 12315
fountains 7569 946
four 6041
fourteenth 8995
free 10072 10340 10459 11388 12048 5557 5778
freely 10465 12116 12380 12623
french 2203 2226
fright 2245 9703
frighten 6061
frightened 1941 5495 8584
frog 2867 6149
frogfootman 6188
from 10234 10422 10732 1075 10907 11155 11429 11716 11980 11994 12081 12498 12517 12546 12651 1927 2468 4053 4338 491 5022 5789 6156 6181 6195 6372 6470 6870 733 9035 9356 9742 9890
front 7016 8512
frowning 8519
full 10046 10049 10106 10306 10509 10637 10902 10964 11084 11265 11297 11344 12247 4150 6369 6407 9667
fumbled 9245
fur 2642 3727
furious 8091
furrows 8030
further 11805
fury 3399 3468
future 10341 12138 12143
gabriel 113 122
gallons 1629
game 8010 8238 8573
games 8397
garden 1183 1197 1408 1582 1604 1959 4907 7518 7561 7583 7713 8292 920
gardeners 7595 7723
gardenhow 6015
gave 1308 2230 4590 7295 9697
gbnewbypglaforg 12335
general 10120 12595 4609 9523 9934
generally 1307 2865 8680
generations 12119 12144
gently 9732
get 139 1405 1610 2542 2663 3007 3731 4279 4319 4809 6011 6332 6339 6647 6770 778 7973 8802 928 952
getting 228 2574 2908 3521 5919 695 8167
girl 5809 5850
give 10700 11660 11775 3160 33 7272 8525 9004 9158
given 10025
glad 1948 7114 8356
glass 1246 1340 1988 3798 4337 4467 7503 792
gloves 1768 3840 3931 3975 4180
go 1760 2475 2569 2894 3413 4276 4418 4537 4554 5442 6072 6645 6869 6910 6989 7426 7481 8232 8433 8569 9115 9390
goals 12106
goes 4613 4672
going 1175 1194 1897 2991 3979 5646 6302 6731 7252 7389 8240 8398
golden 1218 1575 1982 7508 801 877
gone 5823 6225 6962 8284 8564
good 1311 1495 1939 4511 5152 5314 5493 5857
goodby 1508
goodnaturedly 3769
gordon 63
got 1207 1802 1873 3228 3504 4411 4527 4552 4873 5070 5340 5600 6214 7368 8000 9797
govern 10533
graceful 5642
grand 7823
granted 12208
grass 4937 5350
gratefully 12532
gravely 5129
great 1533 1701 1825 2414 3140 3794 3907 4921 507 6161 6315 8123 8490 8723 8828 885 9308 9330 9435
green 5589
gregory 12328
grew 4154
grin 6514
grinned 6505 6849
grinning 6469
grins 6487
gross 11151
ground 6233 7573 8535
group 11410
grow 1381 1393 4015 4069 4889 5361 5370 9078
growing 1444 1869 4083 4085 4101 4962 5968 7586
grown 9664
grunted 6726 6775
guard 8757
guess 7122
guessed 3749 7259
guests 7790
gutenberg 10051 10095 10253 10355 10442 10622 10659 10667 10712 10785 11199 11241 11258 11433 11460 11567 12126 12151 12181 12187 12238 12344 12562 12717 2 45 78 9822 9835 9960
gutenbergtm 10067 10108 10127 10140 10191 10212 10298 10326 10345 10372 10455 10468 10482 10511 10592 10639 10650 10727 10817 10832 10873 10904 10926 10969 11009 11032 11086 11110 11137 11160 11184 11299 11334 11392 11406 11445 11483 11489 11576 11585 11956 11976 12013 12025 12041 12043 12112 12141 12349 12599 12612 12635 12646 12708 9948 9955
gutenbergtms 12105
had 1068 1110 1214 1270 160 171 1844 2038 2059 2102 2257 2583 2667 2693 2793 3096 315 3200 3226 3275 3503 3563 3708 3804 389 3926 3936 4032 4046 4090 4146 4148 4228 425 4348 4373 4709 5395 5486 5633 5666 5822 5930 5976 5992 6078 6323 6960 6993 7334 7463 751 7529 7707 8015 8045 858 8983 9221 9227 9663 9739 9761 9764 9815
hadnt 3626
half 1643 2975 3099 3329 4034 8551 8628 9701 9705 988
hall 1555 1646 3795 722 742 7497 819 933
hand 1431 1687 3212 4308 4446 5453 8772 8809 8952 9146
handed 3232 6166
hands 1836 5606 5950 7755 8054 9526
hanging 732
happen 4600
happened 1190 4639
happens 1414 4132 5872
hard 1756 2471 4260 4847 9333
hardly 4651 5056 5532
hare 6897 6976 7023 7144 7158 7293 7327 8981
harm 2141
harmless 11979
hart 11439 12605
has 11188 12694 3129 3149 9439
hastily 1662 1920 2253 4057 5275 5863 7164 9404
hatching 5731
hate 2560
hatec 3321
hated 2388
hatter 6885 7026 7092 7221 7264 7287 7356 8943 8976 9083 9121
have 10147 10616 11608 12468 12502 1861 3154 3427 3743 3784 5079 5597 6119 6742 7257 7318 7657 7683 8159 8202 8966 9016 9502 9509 9791
havent 6946 7281
having 152 7028 9625
he 11187 12630 1695 1758 3405 3846 3863 6165 7103 7223 8822 8907 8944 9002 9032 9050 9103 9244 9253 9327 9408 9456 9461 9531
head 1437 1548 3553 4040 4765 7236 8102 8107 8543 8618 8623 954 9644 9723
headbrandy 4635
heads 5556 7685 9292
heap 609
hear 12737 2396 267 4434 6292 679 8195
heard 1651 2071 2516 3666 3712 4162 4269 4296 4325 4375 4574 4606 4690 8373 8669 8692 9561
hearing 4495 7099
hearts 7420 7786 7808 7832 7862 8712 8893 8906
hedge 359 4624
hedgehog 8250 8252 8260
hedgehogs 8036 8079
hedges 5707
height 4968 5307 5315 5985
held 5943 6677
hell 3860
help 10338 12162 12723 4389 6919
helpless 8301
her 1160 1250 1331 1334 1430 1436 145 1547 1640 165 1664 1719 1726 1835 197 2016 2028 2032 209 2172 2178 2225 2327 2354 245 2469 2526 2697 305 311 3190 3211 3214 3390 3633 3787 3816 3938 3985 4004 4039 4051 4203 4307 436 4445 4560 4587 4734 4764 4864 4929 4964 4983 5015 506 5176 5201 5433 5484 5488 5520 5527 5536 5595 5620 5658 5669 5674 576 5916 5949 5983 643 6549 6580 6639 6853 7388 7434 7536 7846 7943 8023 8106 8249 8281 8320 8343 8359 8381 8460 8516 8560 8592 8622 884 9145 9250 953 9643 9652 9666 9695 9722 9728 9746 9753 9774
herald 8863
here 1024 2126 2165 3056 3567 3635 3829 4380 4386 4530 4546 475 590 6620 6871 6927 7654 8119 9269
hers 8499 9788
herself 1272 1295 1309 1323 1424 1773 1882 1926 1951 2106 2685 397 4008 401 4124 4854 4879 4970 4973 5124 5384 5462 558 5980 6080 6421 6758 717 7493 7555 7886 8155 9716
high 1158 1566 1894 2066 2566 3603 5332 6043 6085 7544 872 9367 9376 9382
highest 5755
him 2903 4620 6121 8758 8985
himself 1705
himwhat 4638
his 3850 4634 6114 6130 6158 7094 8101 8445 8617 8824 8827 9048 9057 9085 9260 9357 9402
hiss 5656
history 2552 3311
hit 4733 6579
hold 11938 4320 9629
holder 10751 10843 10864 10885
holding 1429 1915
home 3831 6772
honest 9515
honor 4385 4408
hookah 5007 5031 5218
hope 10448 4011 4066 573
hopeless 1614
hoping 989
hot 1124 7227
hour 3101 8630
house 2436 3409 3879 3923 4211 4818 6037 6075 6099 6972 6982 7019
housemaid 3851
how 12156 12710 12721 12729 1492 1783 1858 2661 3858 5607 6328 692 773 8164 8207 8236 924 961 979
however 1091 10997 2044 3093 3282 3663 7998 8370 845
howling 6306 6443 6585
httpgutenbergorglicense 10117
httppglaforg 12322 12489
httppglaforgdonate 12592
httppglaforgfundraising 12233
httpwwwgutenbergorg 12700
httpwwwgutenbergorg190319033 9860
httpwwwpgdpnet 96 9874
httpwwwpglaforg 12174
humbly 3501
hundreds 12076
hung 483
hunting 3771
hurried 1578 300 3582 3904 6657
hurriedly 2887 9122
hurry 1702 2415 9278 9436
hurrya 5663
hurrying 656
hurt 2258 625 6599
hush 7951 7952
hypertext 10995
i 1139 1298 1383 1395 1410 1515 1529 1797 1801 1821 1860 1866 2002 2128 2158 2198 2247 2263 2305 2307 2314 2378 2407 2437 2559 2764 277 2849 2857 2950 2969 2982 2989 3416 3494 3509 3560 3562 3623 3625 3742 3746 3867 4009 4067 4126 4468 4484 4541 4650 4659 4671 4767 4908 4910 5063 5066 5069 5075 5077 5097 5130 5235 5240 5245 5247 5286 5610 565 572 5738 5772 5775 5799 5831 585 5875 5877 6021 6059 6330 6499 6508 6643 6687 6762 6769 6866 6906 6936 6945 7120 7161 7169 7172 7197 7200 7207 7210 7250 7271 7280 7289 7299 7344 7443 7475 7477 8157 8172 8524 8799 8846 8998 9190 9192 9298 9388 9482 9491 9566 962 9637 964 971 973 976
id 5752
idea 2034 3202 3391 4761 7284 806 9623
identification 12223
identify 11468
idown 132
if 10165 10197 10329 10392 10553 1072 10723 10771 10828 10998 11357 11395 11658 11675 11698 11717 11758 11790 11877 1377 1389 1716 1734 1807 2285 2322 2357 2377 2508 2691 2769 3706 4766 5295 5393 5726 5874 6318 6627 6686 6729 7672 9189 9578 975 9970 9981
ii 5055
iiia 2617
iithe 1471
ill 1053 1371 1404 2548 2725 3421 3459 3462 3469 4275 6741 7424 9015
illustration 131 1470 1761 2067 2400 2616 2654 3020 368 3680 3681 4138 4860 5020 5050 5679 6150 7256 7413 8225 8870 889 9386 9679 97 9817
illustrator 62
im 1498 1808 2456 3637 4020 4379 4656 5101 5107 5233 5268 5684 5795 5804 5865 6269 7113 9097 9372
imagine 9249
immediate 10633 10960 2958
immediately 4985
immense 5573
impatiently 3554 7237
implied 11842 11865
important 12404 2753 5179 9556
imposed 10860
impossible 6593
in 10088 10194 10248 10266 10367 10380 10384 10388 10397 10401 10409 10470 1049 10502 10543 10547 10566 10606 10761 10822 10953 10980 110 11011 11023 11069 11090 11249 11277 11317 11338 11360 11420 11427 11453 11479 11562 11625 11680 11753 11785 11802 11823 11884 11959 12053 12083 12122 12382 12427 12464 12519 12574 12663 12679 1288 129 1353 1368 1556 1657 1685 1692 1699 1729 176 1817 1922 1953 196 2020 2030 2052 2075 2104 2142 2224 2276 2294 2412 2452 2481 252 2535 2737 2744 2927 2939 2997 3041 3193 3207 3293 3326 3407 347 3542 3591 360 3608 3643 3659 3672 3685 3750 3789 3817 3900 3906 3948 4280 4313 4400 4452 4582 4725 4735 4781 4856 4884 5039 5116 5160 5333 5400 5626 5636 5649 5661 57 5757 5892 5948 5978 6 6038 6104 6138 6172 6190 6257 630 6333 6340 6358 6386 6415 6453 6506 654 6615 6683 6702 6727 676 6786 6872 6887 6968 7015 7081 718 7193 7314 7339 7447 7482 7486 7494 7535 7558 7642 7668 7868 7980 7990 8003 8022 8081 8089 81 8110 8146 8182 8205 8216 8246 8255 8299 8360 8511 8549 8565 8644 8673 8693 8748 8770 8778 8781 879 8860 8946 8950 8960 8990 9047 9144 9178 9214 9275 9304 9323 9413 9433 9542 9574 9582 9687 9724 9826 9838 9859 99 9904 9917 9932
inaccurate 11511
inches 1157 5302 5331 6084 871
incidental 11655
include 11082
included 10714 12671 47
includes 12704
including 10990 11601 11843 11986 12062 12393 12580 12709
incomplete 11510
increasing 12368
indeed 1151 2362 2409 2625 5316
indemnify 11936
indemnity 11932
indicate 10144
indicating 10741
indignantly 5690 7076
indirect 11651
indirectly 11993
individual 10378 10394 10725 10830
information 11252 12035 12177 12309 12326 12338 12596 12705
infringement 11523
inquisitively 2174
inside 6287
instantly 7377 7724
instead 9059
insult 3512
intellectual 10161 11521
internal 12214
international 12529
interpreted 11901
into 1180 1195 1330 1406 1602 162 1752 2041 2585 3213 3229 3940 4350 4749 4763 4867 4904 525 5348 5640 5668 5901 6012 6240 6363 6734 6783 6823 7410 7468 7516 7942 8308 8346 8464 8498 8986 899 917
invalidity 11916
invitation 6180 6199
invited 6948
inwards 4254
irma 87 9865
irs 12412
is 10036 10254 10396 10668 10670 10680 10730 10744 1081 10835 11176 11364 11794 11828 12044 12100 12191 12225 12230 12262 12285 12415 12606 12670 13 1786 180 1815 2122 2329 2428 2558 2760 2873 3001 3015 3031 3116 3158 3319 3338 3354 4661 4887 4899 4923 5119 5194 5303 5311 5457 5608 6009 6016 7107 7202 7213 7649 7853 7872 8125 9961 9996
isbell 86 9864
isnt 9466
isoh 8424
istake 8475
it 1019 10258 1048 10516 10699 10701 10705 10743 1080 1103 1106 1109 1131 1149 11689 11703 11769 12069 1229 1237 1241 12441 1263 1318 1350 1354 1373 1378 1390 1586 1671 170 177 1884 1919 2089 2096 2108 2133 2188 2192 2302 2345 2443 2460 2473 2485 2492 2518 2533 2557 2564 258 2586 2677 2828 2836 2847 2852 2891 2913 2919 2931 297 3030 3034 3036 308 3082 3123 3146 32 3230 3283 3318 332 3332 3353 3374 3382 34 343 351 3536 367 3689 3703 3707 3713 3754 38 3897 3953 3999 4002 4073 4195 4235 4248 4262 4270 4343 4347 4421 449 4545 499 509 5212 524 5310 5325 5327 534 5354 5397 5403 5428 5436 5541 5609 5638 5727 5842 5854 5871 5897 5935 5986 6000 6039 6132 637 6439 658 6590 6600 6624 6670 6701 6708 6713 6771 6774 680 6819 683 6851 6939 6977 700 7031 7057 7140 7212 7273 7313 7469 7534 7588 7597 7678 7857 797 8025 8297 8317 8323 838 8450 864 8798 887 897 9000 9444 9465 9485 9575 9583 9814 9916 996
itit 6797
itll 4012 6049
its 10507 1061 11070 12227 12273 12282 12365 2184 2201 2374 2527 2864 292 2948 3552 3596 3602 4149 4404 4410 4775 5000 5034 5214 5221 5677 5764 5902 6490 6679 6784 694 7194 7230 7235 7242 7357 7439 8149 8440 9471
itself 272 3716 4273 5322
itsits 7920
ive 1717 2458 3434 4872 5177 5694 5701 5705 7333 9763
ivthe 3682
ixwho 8703
jackinthebox 4668
jar 490 519
jason 85 9863
joined 3541
judge 3453 3461 8814
judging 6112
jumped 628 9273
jumping 6611 9431
jurors 8851
jury 3451 3464 9412 9604
jurybox 8832 9284
jurymen 9288 9320
just 1543 1793 1921 2068 346 3978 4299 4345 5059 5391 5634 5750 5770 6528 675 6753 7181 7248 7451 8328 8852 9065 9440 9792
keep 12454 12677 5188 5249
keeping 10479 10499 8408
kept 1718 1771 3378 5918 7530 9033
kettle 6322
key 1219 1387 1576 1983 7509 802 830 878 994
kick 4593
kidgloves 1684 1745 1853 3765 3964
kill 6700
kills 2444
kind 11839
king 7827 8638 8671 8708 8762 8820 8869 8922 8970 9009 9112 9118 9132 9163 9169 9195 9233 9316 9344 9353 9397 9519 9565 9586
kings 7792 7811
kitchen 6366 6455
knave 7418 7806 7860 8743 8904 9481
knee 9096
kneel 4092
knelt 910
knew 4194 978
knocked 6251
knocking 3902 6258
know 12509 2151 2765 2845 2850 2971 3087 3313 4660 5057 5064 5285 5832 6351 6501 6510 6519 7178 7689 9339 9594
known 2694
knowno 4652
knuckles 6131
label 1039
labeled 501
ladder 4525
lake 12293
lamps 731
language 72
languid 5041
lap 9726
large 1050 1636 1690 2739 3260 355 4016 4223 4960 4990 5664 6145 6365 6401 6465 6980 7044 7083 7575 827 8793 9053
larger 1382 4156 5293 905 9079
largest 1503
last 2700 3145 3287 4105 4441 4499 4642 5026 5430 5543 5559 5782 6718 7398 7557 7819
late 2796 281 4076 693
later 1090
law 11889 11914 3415
laws 10524 10542 10562 12201 12253 12257 12421 12552
lay 4754 5592
leaders 2791
leading 7466
leaning 6395
leap 2233
learn 12146
least 5062 7168 7385
leastat 7167
leave 1302 3981 6712 9369
leaves 5590 5652 614 9737
led 2605 6361 7515 898
left 3075 3621 8129 8606 8657 9123
lefthand 5552 6999
legal 11602 11987
legally 11220
legs 1258 6682
length 5574
less 6802 7353
lessonbook 2227
lest 3909
let 2394 2540 3410 5691 9602
lets 8568
letter 12229 6162 9449 9468
letters 1051
lewis 60 9 9829
liability 11593 11614 11982
liable 11645
library 12616
license 10041 10047 10052 10109 10159 10512 10640 10713 10874 10905 10970 11087 11300 46 9941
licensed 12375
lieu 11754 11786
life 12087 2698 7450 8024
like 1009 1144 1290 1501 2105 2268 2271 2283 2439 2511 3397 3632 374 4666 4673 4946 515 5280 5288 5581 5629 5882 6147 6488 6629 670 6901 6938 6987 7110 8210 8520 9513 968
liked 3073 3079
likely 2132
limitation 11871 11881 11908
limited 11508 11548 11669 11815 11846
linked 10869 8497
links 10629 10958 12303
lips 4005
list 9248
listen 2722 4169
lit 725
literary 10356 11200 11242 11259 11434 11568 12127 12152 12182 12188 12239 12345 12718
little 1016 1178 1217 1278 1339 1418 1513 1574 1653 1851 1969 1974 1981 2079 2185 2432 3558 3661 3668 3687 3802 3878 3943 3990 4028 4143 4186 4327 4460 4504 4576 4645 4721 4750 4825 5292 5466 5808 5849 6036 6482 6674 6724 6810 6829 7226 7502 7507 7550 7623 786 8368 8413 8462 867 8730 876 9262 9699
live 8035 8040
livery 6105 6139
lives 6045 6883 6894
located 10408 10531 12263 12286
locations 12281 12465
lock 881
locked 747
locks 824
lonely 3656
long 10436 2621 2977 3340 3356 4426 4711 5006 5989 646 720 7496 9758
longed 926
longer 711
look 1054 1600 4201 434
looked 1832 2170 295 3677 458 4926 4945 5569 634 6781 7392 7637 7740 7844 8504 8977 913 9170
looking 3361 3699 3756 5410 5828 5867 6096 7710 8133 9041 9332
lookingglass 3996
lookout 5743
loose 12640
lory 2595 2815
lost 3709 666
lot 10318
loud 6721
loudly 6125 7913 9621
love 8426 8428
loveliest 919
lovely 1182 4906
low 1731 2390 2537 6210 721 7644 8218 855 8675 9180 9415
lowspirited 3658
luckily 3223 4139
lying 1344 1594 1985 9717
ma 2217
machine 12383
mad 2404 6904 6912 6926 7004
made 2047 208 2093 4310 4449 4518 4833 5657 789 8895 9200
magic 4144
main 12696
maintaining 12406
majesty 7877 9102 9183 9426 9478
make 11903 12537 12712 2727 4013 441 4778 5359 5368 5420 8058
makes 10596 1379 1391 8391 8430
making 219 2477 6283
mallets 8039
man 9100 9516
managed 521 5545
many 12396 12449 4512 5113 7736
maps 480
march 6896 6975 7022 7143 7157 7292 7326 8980 8997
marked 1062 1078 1096 10984 11233 1367 3037
marmalade 503
mary 3822 3915 4170 4172
master 4549
matter 5843
matters 5855
maximum 11905
may 10000 10019 10027 10230 10259 10697 10973 11122 11498 11501 11746 11772 11798 30 6622 7478 9114 9966
me 1044 1364 1380 1392 2288 2395 2724 2936 3309 3513 3732 3836 3848 4014 4137 4178 4390 4396 4479 4665 5136 561 5692 5845 5860 592 6478 6694 6863 6952 7618
mean 5088 7129 7155 7170 7349
meaning 2973 9573 9581
means 11052 11059 2848 2853 8451 9895
meant 7907 9503
measure 1881
medium 11320 11494 11531 11725 11730
meet 12452 2899 3912
meeting 2954
melan 12266
melancholy 2929
mentioned 3627
merchantibility 11850
mercia 2809
merely 5351
met 12504 3406 4986
method 11165
methods 12568
michael 11438 12603
middle 2746 6388 771 8784
middleaged 12065
might 7180 7302 810 8229 8324 9809 991
mile 9366 9375
miles 9381
milk 579
mind 199 312 5166 5298 6605 6749 9230
minding 8444
mine 3337
minute 1305 4678 5335 5417 6091 8005 8112
minutes 2676 4160 5255 9209
mischief 9505
miserable 9082
miss 560 7652 7693
mission 10068 10456 12038 12366
mississippi 12206
mistake 6795 7670
mixed 1114
modification 12017
modified 10021
moment 1488 1546 2022 362 3752 3833 392 4182 4717 4839 5402 5477 632 663 7704 8567 9068
moments 6447
money 11269 11348 11697
moral 8421 8472
morcar 2805
more 1189 12147 1562 1613 2356 2961 2981 3304 4071 4130 4463 4497 4653 5721 5723 6744 6800 6996 7323 7347 7362 7490 9363 9419
morning 1805 3433 5073
morsel 5549
most 10296 10544 12686 6299 9555
mostly 7791 9203
mouse 2100 2120 2148 2167 2169 2204 2229 2275 2336 2365 2464 2493 2515 2702 2743 2750 2838 2880 3299 3347 3385 3403 3440 3485 3520 3549
mouses 3367
mouth 5035 5222 5537
move 2951
moved 3615 9655
moving 4685
much 12446 1483 1589 261 2797 563 6413 6520 6587 6941 6963 8452 8583 904
murder 6710
mushroom 4961 5344 5387 5414 5947 7002 7527
must 10180 10641 10794 10848 11037 11081 11205 11302 1140 11424 11727 1867 2346 3153 3426 5078 5739 5784 6644 8544 9184 9191 9193 9501
muttering 1703 3714
my 1511 2551 2911 3600 3722 3726 4179 4782 4891 4902 5555 5598 5604 583 6737 688 7449 7870 8387
myself 1540 5100 5109 7255
name 10483 2398 3892 7871 9265 9495 9512
named 9844
narrow 1934
natural 2680
near 1725 2434 3994 4963 5995 6073 6234 6990 7578 8760 9150
nearer 2085
nearly 10005 10375 9379
neat 3877
necessarily 12676
neck 1032 4052 5576 5621 5917
need 12099
neednt 9597
needs 5785
negligence 11612
neither 6799 7379
nervous 9013
nest 5903
network 12641
never 1069 2003 2010 316 4374 541 6050 7425 8016 8605 9229
new 116 12067 125 12726 12739
newby 12330
newsletter 12735
next 1813 3245 4358 4473 4601 4716 5476 6007 6219 7761 7787 9128 9134 9236
nibbled 5464 6994
nibbling 5958 7524
nice 1108 2431
night 5746
nine 1564 2064 6083
no 1052 10597 10688 10693 11039 11609 11834 12511 1286 172 21 2140 26 3061 3201 3423 3450 4129 4155 4229 4412 5208 5716 6253 6288 6572 6794 7058 7060 710 7270 7319 8552 9494 9580 9608 9609 9897
nobody 3629 9654
noise 3255 6286 6301
non 12193
nonproprietary 10986
nonsense 3517 9618
nor 254 6801 7288
north 12289
northumbria 2811
nose 7231
not 10168 10218 1023 10415 1065 10737 10895 10929 1095 11095 11290 11507 11643 11845 11860 11926 1234 12438 12461 12469 12495 12503 12675 1809 2270 2291 2360 2882 3084 3136 3227 3266 3481 390 4318 4710 4941 5010 5108 514 5148 5269 5685 5796 5866 6069 622 6458 6602 661 6961 6986 8220 8325 840 859 9024 903 9373 950 9967 9984
notebook 9403
nothing 1188 153 2190 248 3435 548 6743 7335 7364 7635 795 9348 9673
notice 10740 11661 12669 2883 5013 6573 7386
noticed 3811 466 4739 7457 8142 860
notifies 11275
now 1154 1170 1497 1527 1560 1890 1956 2113 2910 3845 4125 4147 4217 4394 4436 5455 5926 6311 6750 6759 8156 8337 8402 8523
nowall 4658
nowdont 4636
nowhere 3778
number 12224 12370 12576 5818
numerous 12280
nurse 6623
nursing 6389
o 2147 2166
obsolete 12063
obtain 10231 10806 11425
obtaining 10203 11061
occasionally 6433
occur 12005
of 10011 1003 10069 10074 10104 10122 10137 10157 10176 10189 102 10206 10226 10283 10308 10319 1033 10334 10370 10445 10457 10475 10495 10525 10551 10563 10571 10603 10647 10684 10709 10748 10800 10811 10840 10882 10890 10916 10942 10966 11006 11053 11060 11066 11129 1113 11147 11149 11158 1116 11181 11267 11285 11295 11313 11325 11332 11346 11373 11375 11384 11390 11411 11442 11551 11557 11573 11616 11620 11662 11665 11671 11687 11695 11755 11787 11817 11837 11849 11863 11872 11875 11890 11919 11922 11948 11954 11974 11996 12008 12039 12050 12060 12072 12075 12077 12086 12202 12205 12367 12371 12391 12431 12473 12482 12510 12543 1256 12577 1259 12609 12614 12617 12642 12656 142 1435 1473 151 1553 1630 1655 1682 17 183 1848 1908 2055 2110 2155 2162 218 2183 2235 227 2373 2420 263 2658 2709 2719 2795 2808 2825 2842 291 2960 2974 3044 3142 3166 3171 3221 331 3392 3493 3579 3670 3763 3839 3883 3921 3961 3973 4 4023 4112 4136 4188 42 4234 427 4321 4335 4355 4392 4465 4481 4503 4509 4611 462 4631 4681 4703 4720 4731 4770 4788 4816 4824 493 4936 4988 5014 5017 5033 5150 5165 5220 527 5374 5379 5385 5406 5427 5448 5467 5516 5550 5575 5585 5588 5698 5779 578 5819 5946 6064 610 6109 6255 6274 6370 6408 6535 6564 6574 6618 6659 6839 6970 6973 6997 7001 7017 7056 7072 7088 7244 7246 730 7380 7387 7416 7419 7460 75 7533 7581 7735 7781 7807 7820 7831 7861 7892 790 7959 7983 8116 8138 814 817 8248 8271 8290 8303 8339 8376 8407 8422 843 8473 8477 8486 8513 8627 8646 8652 8661 8711 8729 8740 8776 8785 8795 8892 8905 8956 8996 9056 9060 9201 9259 9293 930 9307 940 9474 9525 9558 9572 9591 9624 9651 9677 9702 9706 9727 9787 9819 9824 9832 9853 9936 9939 9989
off 1132 1303 1467 1537 1579 2081 3076 3583 3616 3857 4845 5342 5445 5887 599 6537 6845 7372 7687 8099 8104 8245 8351 8546 8607 8615 8620 8658 9641 9713 9801
offended 2349 2459 2999 3335 7341
offer 2902
offers 12526
office 12261 12284
official 11025 11030 12319
often 12649 5283
oh 1510 1706 1711 2246 273 275 3721 3725 5267 5603 6603 687 6916 9297 958 9762
old 12064 3467 9882
on 1018 10263 10432 1047 10585 10654 10790 11028 11214 11413 11472 11495 11722 1193 1337 1359 1432 147 1520 1596 1627 1779 1792 1846 1898 1986 2381 2631 2889 2909 301 3279 3379 3610 373 3880 3952 4082 4094 4100 4190 4755 4975 4996 5711 5741 6231 6270 6303 6382 6836 7098 7160 7587 7813 7915 796 8052 8168 8241 8399 846 8533 8570 8715 8753 8871 8879 8899 8930 9019 9094 9289 9718 995
once 1199 156 1570 2736 3187 3585 5512 6542 7394 7484 7489 8066 8109 9157
one 1255 1597 1606 1686 1847 2182 3062 3180 3240 4109 4116 4591 4769 4787 492 526 5278 5356 5372 5961 6289 6373 7045 7054 7086 7459 757 7667 813 8193 8270 8771 8951 9036 9095 9898
ones 3272
oneself 8196
onethe 9881
online 10115 10719 12582 52 91 9869
only 10260 1155 12638 2098 2325 3550 4433 4485 5277 6116 6450 6848 7864 7889 8277 977
open 4247 5535 6032 841
opened 1349 4253 6134 6353 7093 891
opening 1499 7241
opportunities 11806
opportunity 11779 8267
opposite 7837
or 10059 10079 10083 10114 10133 10185 10207 10237 10264 10361 10427 10580 10588 10631 1064 10661 10676 10703 10718 10769 10775 10788 10805 10825 1089 10897 10899 10910 10919 10934 10939 10959 10987 10994 11003 11019 11043 11057 11075 11106 11118 11130 11134 11218 11279 11309 11353 11402 11409 11512 11519 11526 11529 11535 11540 11559 11618 11654 11673 11737 11766 11819 11841 11851 11867 11870 11880 11907 11917 11946 11992 12002 12010 12018 12020 12220 12478 157 174 190 2505 2868 3102 325 3452 36 3958 418 4353 4679 4914 4917 4952 5016 51 5336 5851 6092 6321 6601 6705 7395 8006 8103 828 8541 8619 8631 9014 9506 9846 997
orange 502
organized 12198
original 11071
originator 12608
ornamented 7767 7784
other 10085 10590 10632 10921 11014 11020 11076 11330 11382 11520 11530 11580 11835 12578 1694 2601 4524 4918 5365 5377 5518 5966 6170 6228 6377 6892 762 7997 8275 8288 8611 8780 8962 9040
otherbill 4529
others 10520 3539 7382 8702
ought 4911 5133 6867 7655 8964
our 12555 12690 12725 12733 2311 2385 2435 3457 3565 7684 7696
out 12364 1273 1500 1904 2048 2094 2154 2234 262 2715 290 3038 3113 3192 3218 330 3590 3828 3865 3920 4111 4306 4391 442 4444 4480 4519 4815 5032 5219 5405 5421 5584 6063 6108 6221 6658 6678 6720 7011 7064 7136 7679 7715 779 8338 8660 8858 8935 9055 9255 929 9550
outdated 12394
outoftheway 2124
outside 10556 10609 12547 4165 4830
over 2206 2243 2340 3092 3117 3285 4979 6167 619 6396 7769 8826 9246 9282
overhead 641
owed 11177
own 198 8446
owner 11180 11441 11572 11635 11943
owns 10363 9899
où 2215
pack 7891 8739 9676 9684
page 12172 12320
pages 12564
paid 10199 10242 11207 11270 11349 11701
painting 7599 7628
pair 1681 3762 3838 3972
pairs 3960
pale 2531 9399
panting 3124
paper 1038 12684 9438 9459
paperwork 12447
paragraph 10249 10312 10349 10954 11091 11116 11195 11341 11563 11626 11824
paragraphs 10801 10823 10852
parchment 8777
parchmentscroll 8885
pardon 2250 3497 9301
pardoned 8684
part 10136 10915 10941 9938
particular 12486 12683 5270 8206
particularly 12403
party 11581 2406 2611 2628 3050 3185 3577
passage 647 7551 902 916
passed 498
passion 8092
passionate 2279
past 533
pat 4364 4397
patriotic 2823
patted 3278
pattering 1654 3669 4187
pause 6448
paw 6881 6893
paws 3724
pay 11143
paying 10766 9925
payments 11204 11229 12583
pebbles 4722 4745
peeped 161 4978 6220
peeping 7940
pegs 485
people 1007 10274 12082 12687 6913 7986 8118 9149
pepper 6088 6414 9202
pepperbox 9143
perform 10932
performances 10015
performed 10673
performing 10425 10578 11104
perhaps 2191 2290
periodic 11225
permanent 12137
permission 10747 10807 10839 10881 11426 9922 9980
permitted 11909 12249
person 10236 11711 11736 11765 2708
persons 9362
pg 12697
pglaf 10362
phrase 10093 10657 10665 10783
physical 11319 11724
picked 7433 9442
picking 231
pictures 173 189 482
piece 7532 8955 9054 9557
pieces 5945 6327
pig 6736 6805
pigeon 5665 5683 5709 5736 5762 5838 5891
pineapple 1119
pink 240
place 10527 6033
placed 3052
places 7976
placesall 9326
plain 11016 11072
plainly 1243
plate 3889
plates 6566
play 6185 6204 6650 6930 7898 8176
played 8064
players 8062 8612 8635
playing 8602
pleasant 8363
please 10053 12558 12590 1736 2771 3526 3545 6474 6604 6861 7619 7875 9424 9476
pleasing 5717
pleasure 217
plenty 426 7071
pocket 3215 7537
pointing 3176
poison 1063 1079 1097
politely 7881
pool 1472 1637 2054 2077 2157 2483 2572 3791
poor 1203 1277 1512 1584 1999 2260 3646 5605 9099 9108
pop 352
pope 2781
possessed 11316
possession 10196
possibility 11664
possible 4346
possibly 1235 6291
posted 10745 10836 10878 11027 12231
poured 7224
practically 10029
prepare 11217 11223
presentat 5061
presently 4236
preserve 10339
pressed 4259 5523
pressing 4041
pretexts 3612
prevent 10420
previous 9880
principal 12260
print 9893
printed 10023 1046 12653
prison 8340
prisoner 9453
prizes 3155 3162 3197 3198 3236
problem 11810
proceed 9313
processing 10993
procession 7824 7835
produce 12724
produced 12631 83 9861
producing 6155
production 11970
professor 12602
profit 12194
profits 11152
prohibition 12512
project 1 10050 10066 10094 10107 10126 10139 10190 10211 10252 10297 10325 10344 10354 10371 10441 10454 10467 10481 10510 10591 10621 10638 10649 10658 10666 10711 10726 10784 10816 10831 10872 10903 10925 10968 11008 11031 11085 11109 11136 11159 11183 11198 11240 11257 11298 11333 11391 11405 11432 11444 11459 11482 11488 11566 11575 11584 11955 11975 12012 12024 12040 12042 12104 12111 12125 12140 12150 12180 12186 12237 12343 12348 12561 12598 12611 12634 12645 12707 12716 44 77 9821 9834 9947 9954 9959
prominently 10643 10947
promised 3306
promoting 10070 10458
promotion 11971
proofread 11475
proofreading 93 9871
proper 9325
property 10162 11522
proprietary 10988
prosecute 3418
protect 10064 9952
prove 9489
proved 4265
provide 11000 11048 11263 11337 11749 12093 12133
provided 11140 11624 11740 11829
providing 10776 11131 11768 11952
provision 11921
provisions 11930
public 10032 10386 10399 10734 11476 12358 12372 12661 9891
pulled 3217
pulling 4478
punitive 11653
purple 9636
purpose 10007 11855
put 1519 1845 3210 4001 4058 4108 523 7407 7664
puzzle 1826
puzzled 5724
puzzling 3380
quarrel 8190
quarreling 8608
quarrelling 8071
queen 6183 6197 6654 6934 7674 7717 7719 7746 7830 7849 7902 7919 7979 8087 8212 8510 8531 8575 8604 8640 8656 8710 8891 9045 9385 9612 9634 9646
queens 7571 7794 7968
queer 1784
queerlooking 2627
queershaped 6673
question 1814 2657 2872 2885 3132 4922 6349 7904
quick 3844
quicker 3559
quiet 2333
quietly 5003 6822
quite 1242 1448 1490 2264 2478 2530 2575 2679 3106 3163 4021 4064 4212 4821 6002 6592 6815 8659 8914
quiver 2241
rabbit 1675 1723 1739 238 269 285 320 3683 3693 3810 3894 4198 4226 4238 4298 4692 651 708 7802 7937 7955 7971 8766 8856 8875 8926 9175 9242 9430 9537 9548
rabbithole 134 356 370
rabbits 1850 4617
rabbitspat 4363
race 3090 3115
racecourse 3040
raising 5763
ran 1962 242 338 3856 4814 4844 8331 8698 9800 9805
rapidly 1900 5505
rapped 6124
rate 1000 2138 4417 7423 837 9393
rather 1296 1561 2173 2359 2840 5053 5812 6857 8184 8400
rathole 908
rats 2447
rattling 4724
raven 7109
raw 5884
reach 1236 1385 6550
reaching 12103 1642
read 10054 10148 11543 8864 8887 9254 9355 9529 9549
readable 12055 12384
reading 10132 168 9794
ready 2758 6648
real 3914
really 2348 3431 4019
rearing 5321
reason 4230 5153
reasonable 11125
reasons 6266
receipt 11286 11374
receive 11692 11781 9978
received 11713 11719 11760 12470 12545
receiving 11688
recognized 7799
red 7601 7660
redistribute 10935
redistributing 10125 10774
redistribution 10035 10044
references 10439 10619
refreshments 8812
refund 10233 11266 11345 11560 11674 11694 11757 11789 11801 11820
registered 10256 9963
regulating 12422
release 65
relieved 6816
remain 12115
remained 1454 5409
remaining 11929
remark 7254
remarkable 251 3573
remarked 6915
remarking 4062 5352
remedies 11610 2963
remember 5242 575 9781
remembered 5816 5939
remove 10900
removed 10444 10617
renamed 9886
repeated 6189 9328
replace 9878
replacement 11355 11558 11672 11751 11818
replied 2839 5052 5276 7165 7276 7338
reply 6728 7869
reported 11367
reports 10014
representations 10598
request 11065
require 11303
required 11221
requirements 10799 12436 12458 12507
research 10017 11471
resource 4106
restrictions 10694 27
return 10184 11308 11728
returning 1676
returns 11227
reuse 10704 37
revenue 12215
riddle 7261
riddles 7316
riddlesi 7118
ridges 8028
right 10418 11556 11670 1172 11816 4892 4948 5997 6362 6880 7467
righthand 5469
ring 2740 3295
rise 5580
rising 2946
roared 7917
roast 1120
robinson 64
roof 1552 4534 735
room 101 3944 3983 5533 6661 7059 7061 7073
roots 5697
rose 9685
roses 7585 7630
rosetree 7576 7661
round 1030 1639 2520 2768 3122 3189 3234 3243 4277 5435 6142 6882 740 7741 8434 850 8810
row 729
royal 7776
royalties 11192 9927
royalty 11145 11203 11228
rule 9359
rules 1004 8204 9929 9995
rumbling 4502
run 3830
running 3070 3098 6107 7988
rush 4835
s 12268 12604
sad 3343 3375
sadly 768
safe 4855
said 1026 1057 1137 1292 1374 1421 1829 1936 2013 2189 2292 2410 2534 2748 2813 2832 2861 2925 2942 2966 2994 3018 3022 3147 3173 3314 3345 3359 3400 3438 3465 3483 3498 3518 3568 3852 3871 4122 4174 4876 5047 5091 5104 5127 5142 5191 5197 5209 5225 5238 5299 5317 5388 5460 5560 5688 5734 5802 5836 5861 5889 6025 6259 6343 6419 6479 6493 6515 6521 6632 6716 6739 6877 6921 6942 6954 7074 7104 7141 7147 7219 7239 7265 7285 7290 7310 7328 7354 7429 7454 7620 7634 7850 7856 7878 7911 7925 7946 7953 7963 8153 8169 8181 8213 8223 8404 8416 8436 8456 8576 8867 8920 8968 9003 9007 9110 9116 9130 9161 9165 9177 9196 9204 9231 9314 9345 9350 9377 9383 9394 9409 9427 9479 9517 9563 9584 959 9610 9619 9632 9639 9660 9752 9769
salt 12292
saltwater 2031 3225
same 10504 1456 1799 1811 4967 5251 6192 6272 7175 7204 7215 8454
saml 112 121
sat 1280 1618 2733 3290 7079
saucepans 6565
saucer 577
savage 1715
save 1925 4050
saves 9588
saw 479 6852 7067 7401 923
say 2200 270 2993 4271 4693 5181 6595 681 7152 7184 8586 8672
saying 4006 6171
says 4550
saythats 7173
scattered 12278
scolded 1322
scrambling 4580
scratching 4578
scream 9700
scroll 8775
sea 2043 5587
search 12698 8247
seated 8714
second 11778 11792 4897 848
secondly 6280
section 10118 11250 11454 12033 12175 12336 12593
sections 12164
secure 12135
see 10311 10348 1059 12163 1240 1667 1841 2087 2326 350 454 4597 4942 5566 5612 6818 6951 7651 7692 7744 8235 8296
seebeing 5111
seeing 6832
seem 2933 8200 9025
seemed 2176 2239 2678 2704 3782 405 5157 5578 6404 7189 8262
seems 3630 9445
seen 318 714 8017
seeneverything 3781
seldom 1316
send 12476
sending 11705
sends 3684
sensation 3574
sensationshe 9074
sense 8479
sent 11237
sentence 10626 10950 2223 7958 8651 9613 9627
series 107
serpent 5631 5680 5687 5793 5798 5853
serpents 5714 5745
service 12216
set 10246 10820 10951 11418 11451 11821 11882 1460 5508 5953 6543 6808 7010 7521 9473 9930
settled 5898 8001 9222
seven 7633
several 12652 2600 5081
severely 1325 3488 7851
shall 11899 11925 1530 278 8158
shant 4068 4542 9164 9389
share 10515
shared 12624
sharing 10466
sharp 4592 5655 8461
sharply 1297
she 1013 1056 1067 1127 11288 1152 1168 1191 1206 1211 1213 1222 1230 1232 1238 1248 1269 1306 1314 1321 1348 1415 1442 1446 1453 1459 1480 1489 1558 1568 159 1591 1617 1625 1650 1661 1713 1770 1777 1828 1831 1843 1855 1864 1872 1888 1901 1913 1917 193 1961 2012 2024 203 2037 2045 2050 2058 2062 2070 2083 2091 2145 2212 2256 2328 2342 2488 2692 314 3170 3209 3324 337 3377 3653 3664 3676 3767 3855 3870 3873 3898 3910 3925 3965 399 3997 4031 4037 4056 4080 4089 4098 4107 4153 4161 419 4205 4208 4215 424 4293 4295 430 4303 4316 4324 4340 4372 438 444 4442 4489 4517 4568 457 4573 4589 4605 4708 4773 478 4785 4797 4804 4813 4840 4843 4849 486 4881 4939 497 4971 512 5122 5167 5206 531 5394 5431 5459 5478 5490 5502 5507 5539 5564 5568 5614 5632 5810 5815 5821 5913 5929 5938 5941 5952 596 5975 5991 6024 6027 605 6067 6077 6094 6117 627 633 6425 6641 6656 6715 6807 696 6966 6984 6992 702 7078 7124 715 7309 7391 7400 7432 7453 7456 7473 7487 7491 7510 7520 7528 7539 7546 7611 766 7699 774 782 7855 7883 7931 7965 8014 8131 8141 8152 8228 8243 8311 8341 8365 8372 8468 851 8537 857 873 8894 909 9140 925 9272 9280 9302 948 9662 9696 9772 9779 9804 9808 990
shedding 1628
shell 3730
shelves 495
shes 3639 7956
shifting 9034
shiver 2818
shoes 1522
shook 3551 4209 7234
shore 2545 2615
short 8084
shorter 5371 5973
should 11230 2129 2438 3911 5287 566 5776 6060 6937 7151 7681 9842
shoulder 8466
shoulders 5599
shouldnt 5878
shouted 7900 7977 8529 9647
shouting 8098 8614
show 2309 2441
shower 4719 6563
shriek 4328 5768
shrieks 4461
shrill 2278 9261
shrinking 1899 1928 4799 5504
shut 1977 9401 966
shutting 1006 1142
shyly 5054
side 1598 5357 5366 5373 5378 6273 758 8289 8755
sides 461 5426
sigh 7298
sighing 3352
sight 5407 655 6969
signed 9496 9510
silence 2766 4427 4626 4682 8859 9541
since 3786 5083 5990
sir 1737 3448 5058 5103 5237 5294
sister 146 166 9729 9754 9775
sit 2716
site 11034 12317 12692 12703
sitting 143 4995 6230 6381 6835 7035
size 1173 1457 4783 4893 5252 5258 5273 5998 6057 9668
sizes 5115
skurried 1750
sky 5791 6242
skyrocket 4675
sleep 7195 7201 7208 9759
sleepy 212 5042
slightest 7283
slipped 2018 2103
slippery 1266
slowly 2523 3695 422 8590
small 12397 12556 1357 1870 2006 3271 4806 833 901
smaller 1394
smallest 5012
smiled 7867
smoke 6371
smoking 5004
snatch 4312 4451
sneeze 6459
sneezed 6432
sneezing 6308 6428 6441 9154
so 1098 1148 1324 1401 1458 1482 192 2005 2123 2144 2211 2487 249 259 3080 3103 3388 385 4784 5112 520 5226 5282 5506 552 5524 5988 6586 6777 6806 6979 7146 7343 7690 7874 8191 8242 8415 8632 9907
softly 2490
soldier 8752
soldiers 7750 8044 8648
solemn 6174 6193
solemnly 2945
solicit 12462 12496
solicitation 12506
solid 791
some 11857 2710 3254 3578 378 4492 4730 4741 4779 5515 6667 6787 6995 7322 8136 8839 8843 8896 9208 9504 9735
somebody 8160 8435 9455
somehow 2039
something 2072 3303 3396 3710 4354 4662 4916 5178 7304 8386
sometimes 1320 5969 5972
sons 114 123
soon 1129 1333 1465 1902 2046 2092 2726 2783 3620 3808 4088 4802 4852 554
sooner 1088
soothing 2296
sorrowful 2454
sort 1112 3043 4357 6254 8302
sorts 8728
sound 4508 7734
sounds 4464 8482
soup 6409 6417 6536
speak 1494 2117 2964
speakand 8197
speaker 9109
speaking 3387
special 9928
specific 9979
specified 11089 11248
speed 1965
spehar 88 9866
splash 2023
splashing 2073
splendidly 1677
spoke 2920 5326 6642 8538 9462
spot 9021
spread 12357 4305 4443
squeaking 4647
staff 12557
stairs 4192
stalk 5583
stamping 8095 8532
stand 8051
standing 8745
staring 6237
start 10045 12688 74
started 1740 303
startled 6830 8369
state 10550 11892 11913 12204 12487 5164
statements 12539
states 10391 10404 10412 10559 10612 10764 11858 12256 12430 12434 12499 12521 12550 9902 9920
status 10602 12211 12409 12481
sternly 5094
sticks 611
stigand 2821
still 1952 4097 5942 653
stirring 6399
stockings 1524
stole 8704 8908
stood 3993 6095 7577 7612 8508
stool 6385
stoop 4048
stop 5932
stopped 4167 7842
stopping 396
stored 11500
story 3532
storyland 106
straight 372
strange 6003 9785
stretched 4972 5432
strict 11613
struck 1549 5487
stuff 9616
stupid 214
stupidest 7441
stupidly 6238
subject 10037 2384 2419
submitted 2784
subscribe 12731
succeeded 5635 5977
such 10008 11235 11304 11504 11666 12520 2330 2382 2429 3444 3516 4025 5304 6284 8018 8361 9276 9765
sudden 1944 2232 5499
suddenly 235 3111 383 386 4304 601 6029 6101 7602 781 8685
sulky 5894
summer 8901
support 10452 12091 12359 12644
suppose 4909 8847
sure 3638 3735 4377 4403 4776 6698
surprise 4742 8491 9251
surprised 1449 1484 1839 3859
survive 12354
swallow 5547
swallowed 4786
swallowing 5199
swam 2084 2522 2612
swamp 12554
swim 3788
swimming 2163 2466
synonymous 12045
table 1227 1261 1347 1879 1989 3799 3947 7009 7041 7090 7504 787 8790 987
tail 2375 3357 3368
take 2317 329 3422 4420 6689 7321 7346 7352 7361 8484 8554
taken 5753
takes 12442
taking 5009 7505
tale 2622 3344 3394
talk 2135 2352 2380 2502 8162 8395
talking 1780 1857 2686 3515 4515 556 7192
taller 5362 5970
tarts 8706 8796 8897 8910 9199
taste 1102 3267
tax 11226 12209 12222 12243 12407 12541
taxes 11173
tea 2405 7029 7228 7324
teacup 8949 9058 9086
team 94 9872
teaparty 7005 7442
teapot 7412
tears 1329 1474 1631 2056
teatime 581
telescope 1146 1504 970
telescopes 1010
tell 2549 3301 3308 4395 5135 5800 6477 6862 7617
temper 5190 8364
ten 1156 5254 7749 7763 7780
terms 10103 10121 10156 10175 10225 10282 10307 10333 10474 10494 10570 10708 10859 10866 10906 10965 11294 11383 11415 41 9935
terror 6619
than 11015 11416 1563 1615 1995 6803 7311 7363 906 9364
thank 4654
that 10145 10291 10449 1071 10742 11141 11287 11538 11606 11630 1167 11739 1181 1187 11989 12109 12377 12620 1291 1342 1452 1485 1505 1842 1863 1887 1905 1931 2036 2049 2095 2101 2127 2255 253 2582 2629 2940 2952 3002 3081 313 3263 3331 3389 3404 3753 387 3992 4079 4214 4263 4284 4342 4356 4399 467 4743 4796 4905 4944 4993 5090 5195 5529 5591 5619 5825 5833 5940 595 5999 6013 6017 6263 6416 6456 6489 6502 6511 6589 6779 6873 6888 6920 6983 7123 7130 7196 7317 7458 7514 808 8126 8280 8322 8390 8423 8429 8439 8474 8495 8548 896 9279 931 9490 9587 9738 9789 9896
thats 1823 4063 6346 6497 6525 7470 8830 9553
the 100 10039 10048 10065 10071 10092 10102 10105 10155 10174 10224 10235 10243 10281 103 10305 1031 10332 1034 10353 10359 10368 10377 10381 10385 10389 10398 10402 1041 10410 10433 10453 10473 10480 10486 10493 105 10503 10522 10526 10557 10561 10569 10594 10600 10610 10624 10636 10656 10664 10682 10707 10710 10733 10749 10752 10762 10782 10791 10798 10809 10812 10815 10838 10841 10862 10871 10880 10883 10888 10901 10949 10963 10967 11024 11029 11046 11067 11083 11150 11156 11164 11174 11179 11182 11197 11239 11246 11256 11293 11296 11314 11361 11376 11431 11440 11443 11448 11481 11493 11555 11565 11571 11574 11631 11633 1165 11663 11696 1171 11710 11714 11720 11729 11735 11743 11761 11764 1177 11782 11791 11809 11814 11868 11888 11891 11897 11904 11911 11915 11928 11939 11941 11949 1196 11969 11997 12037 12047 12057 12073 1209 12096 12110 12124 12149 1216 12169 12179 12185 12200 12203 12213 12217 12236 12246 12258 1226 12314 12342 12369 12388 12411 12413 12420 12432 1245 12480 12505 12548 12560 1257 1260 12607 12610 12664 12695 12715 1276 133 1346 1361 1386 1399 1407 1433 1455 1468 148 1487 15 1502 1551 1554 1573 1581 1603 163 1645 1658 1673 1693 1707 1709 1722 1738 1743 1747 1753 1765 1775 1798 181 1810 1812 1818 1824 1849 1878 1906 1911 1943 1958 1968 1973 1980 1987 1998 2042 2053 206 2076 2152 216 2168 2209 2221 2228 2236 225 2259 2274 232 2335 2364 2371 2397 2403 2418 2446 2463 2482 2514 2544 2571 2578 2606 2609 2614 2632 2638 264 2655 268 2701 2742 2745 2749 2761 2773 2780 2787 2806 2814 2822 2833 2837 284 2862 2871 2876 2879 2904 2943 2953 2957 2967 2972 2995 3003 3023 3025 3049 3054 3089 3109 3114 3133 3161 3174 3183 3224 3244 3250 3259 3270 3280 3298 3346 3366 3384 3393 340 3408 3428 3439 3442 3471 3484 3506 3519 3538 3548 3576 358 3580 3640 3644 3673 369 3691 3717 3719 3758 3761 3790 3793 3797 3801 3809 3881 3891 3913 3922 3928 3949 3968 3974 3982 3995 40 4035 4043 4060 4095 4113 4119 413 4142 4175 4191 4197 4210 4225 4237 4242 4251 4282 4297 43 4301 4314 4401 4453 4482 4507 4520 4523 4528 4533 4539 4548 4556 4565 4583 460 4602 4616 4623 463 4691 4715 4727 4736 4744 4756 4789 4811 4817 4838 4861 4869 4885 4896 4920 4931 4934 494 4947 4955 4966 4980 4997 5011 5027 5030 5048 5092 5143 5155 5172 518 5192 5210 5217 5250 5265 528 5318 5338 5343 5349 5364 5376 5386 5389 539 5413 5424 5449 5468 5473 5475 5517 5551 5651 5682 5696 570 5708 5732 5735 5742 5754 5758 5761 5790 5817 5837 5890 5908 5922 5944 5965 5996 6006 6074 6098 6110 6127 6151 616 6169 6177 6182 6187 6191 6196 6201 6222 6227 6232 6235 6241 6248 6260 6271 6275 6344 6347 6354 6359 6376 6378 6387 6392 6397 6430 6437 6449 6454 6461 649 6494 6522 6530 6533 6538 6552 6555 6569 6582 6597 6630 6636 6653 6660 6664 671 6717 6723 6809 6824 6833 6846 6875 6879 6891 6922 6933 6955 6971 6974 6998 7018 7021 7025 704 7040 7047 707 7089 7091 7137 7142 7156 7174 7186 7203 7214 7220 7232 7260 7263 7278 7282 7286 7291 7307 7325 734 7355 7373 7381 7384 7397 7408 741 7411 7414 7417 7437 7440 7461 7495 7501 7506 7512 7517 7526 754 7549 7559 7563 7567 7579 7582 7584 761 7647 7673 770 7712 7716 7718 7721 7745 7759 7762 7775 7789 7800 7805 7810 7826 7829 7834 7848 7859 7901 7903 7918 7935 7949 7954 7967 7970 7978 8009 8031 8038 8043 8059 8061 8073 8078 8086 8122 8147 815 8150 8170 818 8211 8214 823 8237 8251 8274 8276 8287 829 8291 8313 8333 8374 8377 8396 8410 8417 8420 8431 8453 8457 847 8471 8478 8481 8492 8509 8530 8534 8557 8572 8574 8595 8598 8603 8610 8625 8634 8637 8639 8647 8655 8670 8678 8686 8688 8694 8701 8705 8707 8737 8742 875 8761 8764 8779 8782 8786 880 8803 8811 8813 8816 8819 8831 8850 8854 8861 8865 8868 8873 8880 8884 8890 8903 8917 892 8921 8924 8931 8938 8942 8961 8969 8975 8979 8987 8993 90 9008 9020 9028 9039 9044 9061 9081 9111 9117 9120 9124 9127 9131 9133 9137 9142 9148 915 9151 9162 9166 9168 9173 918 9194 9205 9210 9218 9225 9232 9235 9240 9247 9257 9264 9283 9287 9291 9294 9310 9315 9319 9343 9352 9370 9384 9396 9411 9428 9452 9458 9480 9498 9518 9535 9543 9546 9551 9554 956 9564 9585 9603 9611 9622 9626 9633 9645 9649 9682 9688 9719 9725 9743 9820 986 9868 9879 9888 9908 9918 9933 9953 9974 9994
their 2641 6065 6212 7603 7729 7754 8053 8716 9324 9606
theirs 3268
them 2512 2646 2689 2695 2713 3233 3302 3745 3774 4732 5718 5780 5883 6055 6062 6575 7037 7402 7600 7614 7782 7797 8272 844 8514 8747 8913 9530 9712 9782
themall 8727
themselves 7726 8048 8487
then 2069 2547 299 3047 381 4183 4274 4369 4378 4438 456 4588 4615 4625 4628 5084 5888 5928 5963 6206 6313 6529 6560 7149 7519 7545 7803 7916 8329 8654 8853 8882 9354
thenshe 7553
there 10286 10315 1633 2427 246 2587 3058 3059 3237 4414 4423 4457 4612 477 4957 546 5530 6046 6296 659 6791 6953 7006 736 7427 7592 7731 7778 793 8507 9520 9538
theres 1285 2139 5715 6252 6410 7070 8127 9418 9493 9569 9579
these 11486 12457 2014 4771 7765 7773 9784 9905
they 10018 11497 12098 2623 2666 2731 3068 3072 3078 3095 3119 3264 3289 3613 3776 4487 468 4683 4753 4831 5440 5783 6207 6578 7062 7066 7403 744 7840 7999 8175 8188 8198 8349 8600 8719 8848 9220 9487
theyd 8801
theyll 4471 574
theyre 6282 6697 6902 7888 8113
theyve 7115
thick 4858
thing 1279 2334 2763 2860 3005 3246 4029 4604 4871 4898 4949 6008 6725 7176 7205 7216 8455
things 10290 10320 1790 1992 2392 5243
think 2130 2315 257 3510 394 5076 5131 5149 5228 567 6756 7132 7300 7476 8174 8999 972
thinking 3492 5774 8384 9802
thirty 12628
this 10002 10055 10061 10081 1011 10112 10138 10158 10177 10227 10284 10309 10335 10476 10496 10500 10539 10572 10586 10678 10716 10891 10908 10917 1092 10936 10943 10978 11 11194 11385 11421 11589 11640 11681 11826 11885 11895 11923 11962 12009 12701 1304 1545 1804 1830 1909 2008 2119 2156 2517 2671 2759 2884 3131 3252 3398 3432 3570 3832 3872 3933 4181 4393 4429 4455 49 5072 5497 6026 6056 6164 6690 6766 6789 7100 7366 7455 76 7653 7703 7822 7854 809 8872 9022 9067 9186 9341 9437 9528 9670 9681 9833 9840 9848 9940 9990
those 11623 2976 4987 5713 7629 8836 8909 938 944
though 1313 7390
thought 1166 186 1865 1997 2114 2196 3143 4287 4474 4705 4774 5381 6047 6695 7474 8013 8120 8227 8807 8833
thoughtfully 5411
thousand 4220
three 3064 3959 5301 5330 7048 7594 7722 8877 8928
threelegged 6384
threw 7725
throne 8717
through 10803 10854 1176 1244 1601 1611 4810 5824 7436 955
throughout 12279
throwing 6546
thump 602 603
thunder 7984
thunderstorm 8522
thus 12672
tidy 3942
tied 1029
till 4207 4292 4572 6076 6991 7538
time 1012 1649 1776 1923 2567 348 3604 3934 428 4456 4493 677 6790 7308 7399 8085 849 8553 8599 9219 9671
times 4221 5082
timid 1732 7927
timidly 6245 6483 6858 7624
tiny 3962 4027 800
tipped 9281
tiptoe 4976
tired 1271 141 2161 4022
tis 8414 8425 8427
title 55
to 10038 10063 10098 10151 10170 10209 10220 10239 10277 10343 10419 10440 10461 10568 10620 10630 10635 10759 10778 1084 10870 10962 10975 11002 1101 11045 11101 11133 11169 11178 11190 11196 11222 11238 11255 11292 11307 11329 11368 11398 11467 11509 11594 11646 11709 11748 11770 11774 11780 11807 11830 11847 11894 11902 11935 12004 12022 1208 12092 12102 12120 12132 12145 12235 12245 1225 12306 12341 12362 12400 12405 12417 12451 12475 1252 12527 12588 12711 12714 12722 12730 12732 12736 1294 1301 1327 138 1423 1438 1450 1461 1493 1538 154 1580 1599 1609 1622 1666 1704 1840 1877 1880 1924 1949 1967 2027 2086 2116 2118 2177 2179 2240 2320 2370 2416 2440 2525 2543 2568 2613 2645 266 2662 2681 2683 2705 271 2723 2785 2799 2893 2898 2916 2934 2947 2992 3006 3028 3032 304 3086 3159 3177 3204 3248 3276 328 3300 3307 3349 3401 3414 3436 3441 3477 3486 349 3505 3595 3631 3649 3715 3779 3783 3815 393 3980 4003 4007 4047 4049 406 4077 4091 4123 4168 4200 4231 4241 4246 4272 433 440 447 453 4536 4553 4596 4640 4698 4712 4777 4794 4808 4874 4878 4888 4890 4900 4912 4950 505 5134 5158 516 5180 522 5262 5272 5289 5308 5383 5419 543 5461 5471 550 5509 5513 5534 5546 557 5579 5601 5617 5647 5766 5844 5859 5931 5954 5982 6010 6018 6052 6071 6082 6168 6184 6203 6247 6326 6331 6338 6375 6405 6420 6472 6544 6594 6633 664 6649 6699 6711 6732 6745 6755 6757 6763 678 6817 6868 6909 6988 712 7139 7190 7253 7267 7329 7360 7406 7500 7522 7606 7656 7676 7701 7743 777 7838 7858 7885 7929 7974 8046 8057 812 8154 8161 8163 8201 8263 8286 8305 8357 8380 8394 8488 8501 8577 8585 8594 8677 8756 883 8965 9026 9038 9077 927 9290 9346 9368 9410 9421 9446 9534 9599 9665 9710 980 985 9943 9951
toast 1126
today 1787 6935
toffy 1122
together 4516 5256 6216 7052 8352
told 9773
tone 2297 2455 2930 3000 3820 5895 6175 6194 7342 8186 9306
tongue 9631
tonight 564
too 1265 1535 280 4075 451 6412 826 832 8582
took 1571 1763 287 3847 3966 487 5029 5216 6532 6571 7383 8559 8912
top 1434 4998 9258 9650
toto 9454
trademark 10040 10257 10818 11185 11446 11577 11634 11942 9958 9964
trademarkcopyright 10163
transcribe 11473
transcription 11515
treatment 12542
tree 5756 6841 7014 8310
trees 5699 5909 7462 9744
tremble 8502
trembled 4206
trembling 2368 2538 3593 9416
trial 3429 3446 7415 8804 9311
trials 8689
tried 1249 4245 439 5695 5702 5706 874 9709
trot 6820
trotting 1697 3694
trouble 1539 226 5729 9592
trumpet 8769 8881 8932
try 3470 5472 9598
trying 1275 2143 5418 7405 763 8298
tucked 4863 8316 8342
tumbling 7993
tunnel 376
turkey 1121
turn 6733
turned 2519 3919 5168 5183 684 703 9398
turning 2915 3348 4748 7266 9533 9635
turns 8070
twelve 8837
twice 158 7396
two 1892 3063 3957 4459 4680 5337 5425 6093 6265 6451 6706 7639 7640 8007 9380
types 11874
ugh 2812 5792
uncomfortable 2653
uncorked 3998
under 10706 11193 11588 11639 12199 1345 1398 357 39 4300 4954 6157 7012 7957 8319 8650
underneath 5483
understand 10149 2194 2555
uneasily 9042
unenforceability 11918
unfolded 5213 9457
uniform 12439
united 10390 10403 10411 10558 10611 10763 12433 12549 9901 9919
unless 10614 11112 12666 9976
unlink 10896
unlocked 7511
unpleasant 5163
unrolled 8883
unsolicited 12515
until 1632 5974 9317
untwist 5934
up 1008 10985 1143 1163 12305 12455 1254 1572 1764 1803 1874 2026 229 3522 3678 3967 4118 4240 4633 4670 4974 5071 5125 6239 6246 629 635 6612 726 7274 7369 760 7994 8049 8307 8409 8505 9274 9432 9443 967 9686 9749 9798
updated 9875
upon 11064 12351 3875 3896 3988 484 6030 6054 607 7229 7608 7728 784 853 8797 9694 9745
upright 5323
upsetting 9285
upstairs 3905
us 12251 12524 12551 12665 2541 3008 3411
use 10001 10060 10123 10683 10810 10845 11157 11168 11324 1287 16 182 2112 6256 9937
used 10262 11022 9969
usedand 5246
user 11047 11273 11306
using 10078 10134 10182 11163
usual 1795 5984
usurpation 2800
ut 12295
vadvice 5021
vanilla 11017 11073
vanished 3805 6958
variety 12059
various 3611 9854
velvet 7816
venture 6070
ventured 1100 9576
verdict 9407 9607
verses 9475 9552
version 11026
very 1107 1128 1310 1315 1356 140 1464 1947 211 2131 2160 250 260 3500 3655 3768 3807 4087 409 416 421 5120 5128 5162 5313 5498 562 5956 6940 7096 7331 7358 7471 7880 7922 7945 8083 8355 8783 9072 9107 9997
viewed 10674
viewing 11102
viia 7003
viiithe 7570
violates 11887
violent 5481
violently 1741 5675 6778
vipig 6086
virus 11534
visit 12488 12591 6898
voice 1733 2280 2539 3594 4164 4176 4371 4618 4648 5043 5765 7645 7928 7982 8219 8375 8676 9181 9263 9417 9653
voices 3167 4513
voiceshold 4632
voicethe 4362
void 11927
volunteer 12643
volunteers 11461 11966 12078 12088 12094 12274
vulgar 2391
w 3893
waistcoatpocket 293 324
waited 4490 4571 4595
waiting 1720 4291 4829 8068
wake 9748
walked 3556 7371 7547 767 8350 8664
walking 3524 7933
walks 12085
wander 935
wandered 4882
want 5261 5879 6908
wanted 2790
warning 8528
warranties 11836 11848 11866
warranty 11549 11617
was 1022 1036 1094 1150 1153 1169 12130 1264 1343 136 1443 1447 1481 1507 1559 1587 1612 1634 1669 167 1672 1796 1838 1856 1889 1896 1910 1914 1932 194 1976 1984 2004 2025 2035 2051 2063 2090 2097 2220 2337 2367 2465 247 2529 2565 2573 2660 2777 2782 2990 3060 3083 3091 3238 3247 3284 3386 3395 345 3619 3690 3755 3885 3977 4074 415 4196 4216 4258 4344 4424 445 450 4607 4792 4805 4958 4994 500 5067 510 5328 5404 547 5491 5503 5522 5531 5571 5615 5645 5672 569 5720 5773 5876 597 5987 6133 618 621 6224 6229 6297 6368 638 6380 6394 644 6440 6468 652 6584 6591 660 6671 674 6752 6798 6827 697 6978 7007 7034 7042 709 7105 724 7251 7445 7540 7675 7732 775 7905 7932 7939 794 8026 807 8088 8132 8239 8253 8279 8283 831 8336 8354 8366 8496 8563 8581 865 8691 8744 8763 8788 8818 8941 9001 9075 9136 9213 9521 9539 9731
wasnt 5728
wasting 3456 7312
watch 289 327
watched 9239
watching 7613
water 2237
waving 6878 6890
way 10090 10268 1403 1426 1428 1441 2080 2153 2607 265 3027 3196 379 3939 4903 6865 7435 755 8137 8304 8406 8817
ways 12579
we 10413 10447 12459 12467 12491 12501 12508 12535 12673 2350 2361 2500 3425 7663 7680 9596
weary 7297
web 11033 12171 12316 12563 12691 12702
well 1370 201 2289 2854 411 414 4409 464 4649 5204 5834 5885 5911 6423 7183 7480 8231 8449 8735 9188 9387 9777 9807
went 1223 1626 1778 1791 1876 2486 2888 364 3704 371 3899 4081 4099 431 5355 5710 6244 6357 668 7159 7488 8094 8244 9092 983
wept 2060
were 1365 2287 2588 2624 3051 3105 3606 3777 4458 469 4746 5423 588 6460 6924 7027 7049 737 7404 745 7589 7593 7694 7766 7779 8034 825 8601 8643 8713 8840 8844
west 12291
wet 2650 2922
weve 9560
what 10534 1133 1668 179 2088 2831 2846 2851 2874 2988 3014 3203 3489 3824 404 4133 443 4470 4598 4704 4924 5085 5257 5375 5380 5840 6606 6760 7153 7171 7249 7961 9197 9336 9756 9810
whatever 4131 9349
whats 2980 4398 7277
whatsoever 10695 28
when 10513 1205 1221 1268 1721 1800 2061 234 2513 283 2856 3071 3077 3088 3094 3862 3984 5068 5567 5653 600 6100 6217 6577 6768 6773 6850 701 7065 7199 7209 749 7833 8140 8371 8718 8971 9252
whenever 10644
where 10528 12466 12500 3740 4365 5596 8293
wheres 4522 7948
whether 1060 215 5846 6596
which 1020 10655 10663 11215 11496 11999 12657 12693 1360 1413 1425 1427 1440 2057 2219 3884 4339 5422 5456 5458 5577 6367 6403 6467 6864 7188 723 8261
while 12490 1854 3383 3662 8074 9803
whilst 9545
whiskers 3729 691
whisper 3328
whispered 8438
whispers 4435
white 1674 1683 1744 1852 237 3692 3764 3963 650 7590 7666 7801 7936 8765 8855 8874 8925 9174 9241 9429 9536 9547
who 10275 11274 12522 1517 1816 2366 2703 2789 3128 3157 3866 5044 5065 5137 7706 7852 7863 7938 8335 8982 9176 9656 9730
whoever 6044
whole 2610 3184 3472 8738 9211 9683
whom 10240
whose 2775
why 2556 3021 3169 3317 3370 3821 5141 6058 6484 6498 7106 7625 7646 7887 9755
wide 12356 7097
widest 12058 12389
wig 8829
will 10451 10867 11642 12114 1518 3417 4134 4532 4696 5358 5367 8483 9856 9877 9884
william 2208 2772 2900
wind 672
window 3950 4114 4283 4302 4402 4483 4728
wings 5678
wink 2180
wish 11397 2306 3561 3624 4078 4486 586 8800 963
with 10031 10091 10100 10111 10269 10295 10304 10324 1040 10472 10485 10492 10506 10519 10538 10627 10662 10691 10715 10746 10781 10787 10797 10837 10850 1086 10879 10924 10956 11115 11340 11380 11731 11742 11833 11961 11968 12046 12095 12410 12419 12456 12525 12625 12637 12681 1274 1605 1679 1963 2181 2207 2244 239 24 2577 2635 2640 2688 2741 2751 2816 2895 3179 321 335 3363 3449 3796 3890 3945 4700 471 4740 48 4999 5451 5676 591 6034 6129 6140 6652 6666 6693 6747 6765 6932 7217 7306 7753 7770 7785 8100 8105 8258 8273 8515 8571 8609 8616 8621 8666 8700 8721 8750 8767 8791 8947 8992 9329 9642 9721 9993
within 11208 11282 11370 11684 6548
withina 6304
without 10302 10517 10765 10946 11804 12355 188 3138 3901 4494 6445 7240 8067 9921 9924
witness 8919 8937 8940 9029 9129 9135 9187 9237
wits 6066
won 3130 3150
wonder 1516 3364 3747 4469 6022 8124
wonderful 9812
wondering 772
wonderland 111 130 58 7 82 9827 9839
wont 1712 2351 2408 2501 4286 9638
wood 4859 4886 5759 6111 6825 7438
word 10992 8588
words 1042 1362 2015 2978 4521 6719
wore 8823
work 10062 10082 10086 10142 10214 10272 10395 10434 10487 10501 10540 10587 10593 10605 10651 10653 10729 10753 10780 10792 10813 10834 10892 10909 10918 10922 10938 10945 10979 11010 11068 11352 11363 11377 11408 11587 11683 11715 11721 11745 11762 11783 11827 12014 12026 1462 5510 5955 6545 7523
works 10013 10076 10129 10193 10300 10328 10347 10374 10379 10430 10463 10469 10583 10877 11111 11139 11161 11315 11335 11393 11412 11478 11491 11958 11978 12052 12376 12601 12619 9889 9906 9950
world 1819 3645 8432 9590
worm 2870
worse 1994
worth 224
would 2107 222 2281 2379 3010 3333 3454 4599 538 5441 5622 6118 6475 6859 7615 839
wouldnt 5297 6707
wretched 5306
wriggling 5787
write 9484
writing 11278 11428 11803
writingdesk 7112
written 11707 11733 12471 9450
wwwgutenbergorg 10721 11035 54
xalices 9267
yards 6844
ye 4655
years 12629
yer 4384 4407
yes 3544 7910
yesterday 1789
yet 2304 6949 7262 7336 9423 9562
york 117 126
you 10057 10096 10143 10146 10166 10179 10198 10216 10229 10241 10292 10321 10330 10406 10421 10450 10488 10514 10529 10535 10554 10615 10696 1073 10772 10793 1087 10972 10999 11036 11113 11121 11142 11153 11166 11216 11262 11276 11301 11336 11369 11378 11396 11423 11595 11604 11607 11628 11647 11659 11676 11690 11700 11712 11718 11726 11741 11759 11771 11776 11797 11831 11933 12000 12031 1300 1526 1542 1735 2150 2266 2282 2286 2310 2323 2424 2442 2509 2550 2720 2728 2756 2770 2844 29 2907 2985 3305 3312 3320 3372 3419 3476 3479 3491 3502 3511 3605 3826 4285 4367 4543 4621 4641 5046 5087 5110 5132 5138 5227 5232 5260 5284 5296 5360 5369 5613 5801 587 6278 6293 6337 6350 6476 6517 6621 6628 6748 6860 6900 6917 6929 7128 7131 7133 7150 7154 7177 7179 7218 7258 7301 7348 7350 7616 7626 7650 7688 7691 7897 8166 8209 8392 8526 8540 8681 8963 8973 9017 9113 921 9338 9500 9593 9659 9790 9911 9971 9977 9982 9999
youare 2423
youd 2316 2358 9508
youll 2554 6950
your 10195 10564 10844 11171 11224 11545 11732 12157 12255 1521 2249 3310 3496 3531 5189 6485 7876 7975 8542 8555 9005 9101 9159 9182 9300 9406 9425 9477 9511 9630
youre 5229 5827 5847 6607 6730 8383 9105 9672
yourself 5096
yoursi 5880
youve 4551 9760
zigzag 5643
﻿the 0